date,venue_id,race_no,rank,car_no,age,pref,grade,diff,last_time,finishing,s,b,line_id,line_pos,snum,name_kanji
20250214,22,1,1,1,32,奈良県,L級1班,,10.3,逃げ,,B,1,1,15312,日野　未来
20250214,22,1,2,4,38,千葉県,L級1班,１車身１／２,10.3,マーク,S,,2,1,14909,浦部　郁里
20250214,22,1,3,2,25,埼玉県,L級1班,１　　車身,10.1,,,,3,1,15398,藤田まりあ
20250214,22,1,4,6,39,大分県,L級1班,３／４車輪,10.3,,,,6,1,15075,溝口　香奈
20250214,22,1,5,7,28,東京都,L級1班,３　　車身,10.2,,,,7,1,15758,熊谷　碩子
20250214,22,1,6,3,21,三重県,L級1班,３　　車身,10.7,,,,5,1,15858,平子　結菜
20250214,22,1,7,5,37,北海道,L級1班,微差,10.6,,,,4,1,15391,伊藤のぞみ
20250214,22,2,1,1,27,愛知県,L級1班,,10.5,逃げ,,B,4,1,15225,坂口　楓華
20250214,22,2,2,2,27,福岡県,L級1班,大差,10.8,マーク,,,1,1,15773,枝光　美奈
20250214,22,2,3,7,23,福岡県,L級1班,１／８車輪,10.5,,S,,6,1,15577,本多　　優
20250214,22,2,4,5,28,静岡県,L級1班,１／８車輪,10.4,,,,5,1,15675,渡邉　栞奈
20250214,22,2,5,6,25,山口県,L級1班,１　　車身,10.3,,,,7,1,15498,國村美留莉
20250214,22,2,6,3,33,愛知県,L級1班,１車身１／２,10.3,,,,3,1,15762,高橋美沙紀
20250214,22,2,7,4,27,埼玉県,L級1班,５　　車身,10.6,,,,2,1,15309,黒沢　夢姫
20250214,22,3,1,6,43,宮城県,A級1班,,9.6,逃げ,,B,2,1,14280,井上　公利
20250214,22,3,2,2,43,千葉県,A級1班,３／４車身,9.6,マーク,,,1,1,14456,亀井　久幸
20250214,22,3,3,3,35,千葉県,A級2班,３／４車身,9.6,,S,,1,2,14821,原岡泰志郎
20250214,22,3,4,5,37,神奈川県,A級2班,１　　車身,9.6,,,,1,3,14300,上野　真吾
20250214,22,3,5,4,49,埼玉県,A級2班,２　　車身,9.5,,,,2,3,13175,峠　　祐介
20250214,22,3,6,7,38,茨城県,A級2班,１車身１／２,9.6,,,,3,1,14365,薮田　貴幸
20250214,22,3,7,1,35,埼玉県,A級1班,１　　車身,9.9,,,,2,2,14581,佐山　俊樹
20250214,22,4,1,7,32,千葉県,A級2班,,10.2,差し,,,3,1,15166,内田　　淳
20250214,22,4,2,5,44,北海道,A級2班,３／４車輪,10.2,捲くり,,,2,1,13979,竹内　優也
20250214,22,4,3,4,49,静岡県,A級2班,１／２車輪,10.1,,,,3,2,13192,平田　　徹
20250214,22,4,4,3,34,埼玉県,A級2班,１／２車輪,10.4,,S,B,1,1,14658,馬場　和広
20250214,22,4,5,6,39,神奈川県,A級1班,１／２車輪,10.0,,,,3,3,14823,渡辺　　聖
20250214,22,4,6,2,38,北海道,A級1班,３／４車身,10.2,,,,2,2,14347,外崎　一成
20250214,22,4,7,1,42,埼玉県,A級1班,１／２車身,10.1,,,,1,2,14225,伊藤　　亮
20250214,22,5,1,5,39,青森県,A級2班,,10.6,逃げ,,B,2,1,14126,高谷　敏史
20250214,22,5,2,1,32,静岡県,A級1班,３／４車身,10.6,捲くり,,,1,1,15099,吉竹　尚城
20250214,22,5,3,2,35,千葉県,A級1班,１車身１／２,10.3,,,,1,2,14818,田口　裕一
20250214,22,5,4,3,52,北海道,A級1班,１／２車輪,10.6,,,,2,2,12708,野木　義規
20250214,22,5,5,4,49,栃木県,A級2班,１／４車輪,10.4,,,,4,1,13613,宗景　祐樹
20250214,22,5,6,6,44,茨城県,A級2班,１車身１／２,10.3,,,,3,1,14056,橋本　紀彰
20250214,22,5,7,7,41,千葉県,A級2班,３　　車身,10.5,,,,1,3,14014,須藤　雄太
20250214,22,6,1,1,44,群馬県,A級2班,,10.3,差し,S,,2,2,13929,宮内　善光
20250214,22,6,2,4,29,宮城県,A級1班,１　　車輪,10.4,逃げ,,B,2,1,15237,太田　将成
20250214,22,6,3,5,40,新潟県,A級2班,３／４車輪,10.3,,,,2,3,14589,西巻　秀太
20250214,22,6,4,7,52,栃木県,A級2班,１車身１／２,10.2,,,,3,1,12719,篠崎　高志
20250214,22,6,5,6,49,静岡県,A級1班,１車身１／２,10.2,,,,1,3,13036,深澤　伸介
20250214,22,6,6,3,46,神奈川県,A級2班,３　　車身,10.4,,,,1,1,13854,川田　　忍
20250214,22,6,欠,2,42,千葉県,A級1班,,,,,,1,2,14296,佐藤　清之
20250214,22,7,1,1,26,静岡県,A級2班,,9.9,逃げ,S,B,1,1,15712,松本　京太
20250214,22,7,2,2,47,神奈川県,A級2班,３／４車身,9.8,マーク,,,1,2,13899,山田　和巧
20250214,22,7,3,4,35,神奈川県,A級1班,３／４車身,9.8,,,,1,3,14520,伊藤　彰規
20250214,22,7,4,7,48,北海道,A級2班,２　　車身,9.8,,,,3,2,14425,前川　裕希
20250214,22,7,5,3,56,茨城県,A級1班,１／４車輪,9.5,,,,2,2,12164,堀　　政美
20250214,22,7,6,6,29,北海道,A級2班,１／４車輪,10.0,,,,3,1,15293,中里福太郎
20250214,22,7,7,5,37,茨城県,A級2班,２　　車身,9.9,,,,2,1,14654,舘　　真成
20250214,22,8,1,2,46,千葉県,A級1班,,10.1,差し,,,1,2,13695,岡本　英之
20250214,22,8,2,1,34,神奈川県,A級1班,１　　車輪,10.2,逃げ,,B,1,1,14822,関根健太郎
20250214,22,8,3,5,49,静岡県,A級2班,１／２車身,10.1,,,,1,3,13112,佐藤　　明
20250214,22,8,4,7,25,福島県,A級2班,１　　車身,10.1,,,,3,1,15515,平山　優太
20250214,22,8,5,4,34,栃木県,A級1班,３／４車身,10.3,,,,2,1,15088,神山　　尚
20250214,22,8,6,6,44,宮城県,A級2班,１／２車輪,10.0,,,,3,2,13989,大泉　英則
20250214,22,8,7,3,47,栃木県,A級1班,５　　車身,10.4,,,,2,2,13615,山口　貴弘
20250214,22,8,7,3,41,佐賀県,S級2班,５　　車身,10.4,,,,2,2,14268,山口　貴弘
20250214,22,9,1,4,45,青森県,A級1班,,10.1,差し,,,3,2,13747,伊藤　大志
20250214,22,9,2,3,30,岩手県,A級1班,１／４車輪,10.2,捲くり,,,3,1,15236,藤根　俊貴
20250214,22,9,3,7,30,東京都,A級1班,３／４車輪,10.3,,S,B,1,1,14991,中島　将尊
20250214,22,9,4,1,49,茨城県,A級1班,１／４車輪,10.0,,,,2,2,13538,小林　圭介
20250214,22,9,5,2,38,静岡県,A級1班,３／４車身,10.3,,,,1,2,14528,落合　達彦
20250214,22,9,6,5,39,茨城県,A級1班,１　　車身,10.1,,,,2,3,14057,松田　優一
20250214,22,9,7,6,24,栃木県,A級1班,３／４車身,10.4,,,,2,1,15424,中村　隆生
20250214,26,1,1,7,40,神奈川県,A級3班,,12.3,逃げ,,B,1,1,14463,久保　将史
20250214,26,1,2,1,53,静岡県,A級3班,１　　車輪,12.3,マーク,S,,1,2,12966,石川　英昭
20250214,26,1,3,4,38,大阪府,A級3班,タイヤ差,12.0,,,,2,1,14948,斎藤　　敦
20250214,26,1,4,3,51,愛知県,A級3班,１　　車身,11.9,,,,2,2,12827,光岡　義洋
20250214,26,1,5,2,41,群馬県,A級3班,３／４車輪,12.3,,,,3,1,14446,菅藤　　智
20250214,26,1,6,5,54,東京都,A級3班,１／８車輪,12.3,,,,1,3,12180,乙川　高徳
20250214,26,1,7,6,40,福島県,A級3班,大差,12.9,,,,4,1,14215,木田　有隆
20250214,26,2,1,5,45,栃木県,A級3班,,12.7,差し,,,1,2,13925,黒田　　篤
20250214,26,2,2,2,39,宮城県,A級3班,１車身１／２,12.7,マーク,,,3,2,14433,長田　彰人
20250214,26,2,3,3,55,三重県,A級3班,１　　車輪,12.9,,,,2,1,12677,花村　直人
20250214,26,2,4,4,53,神奈川県,A級3班,１／２車身,12.8,,,,1,3,13186,永山　英司
20250214,26,2,5,6,41,神奈川県,A級3班,３／４車身,12.7,,,,1,4,14526,渡辺　　馨
20250214,26,2,6,1,25,新潟県,A級3班,１　　車身,13.3,,S,B,1,1,15803,西村　　剛
20250214,26,2,7,7,35,山形県,A級3班,大差,14.1,,,,3,1,15158,猪野　泰介
20250214,26,3,1,1,20,青森県,A級2班,,12.5,逃げ,,B,1,1,15782,佐々木亮太
20250214,26,3,2,4,50,茨城県,A級3班,３／４車身,12.0,差し,,,2,2,13610,土屋　　仁
20250214,26,3,3,5,50,福島県,A級3班,１／２車輪,12.4,,S,,1,2,13161,齋藤　和也
20250214,26,3,4,6,47,宮城県,A級3班,１　　車輪,12.3,,,,1,3,13525,亀井　道佳
20250214,26,3,5,2,41,新潟県,A級3班,１／４車輪,12.2,,,,2,1,14295,山崎　寛巳
20250214,26,3,6,3,49,奈良県,A級3班,１／２車身,12.1,,,,3,2,13206,岡崎　和久
20250214,26,3,7,7,39,愛知県,A級3班,大差,13.8,,,,3,1,15621,長谷川裕一
20250214,26,4,1,4,21,三重県,A級3班,,12.2,逃げ,,B,2,1,15819,弓矢輪太郎
20250214,26,4,2,2,21,茨城県,A級3班,１　　車身,11.7,捲くり,S,,1,1,15790,藤田　祐大
20250214,26,4,3,7,40,千葉県,A級3班,２　　車身,12.0,,,,3,1,14519,湯浅　大輔
20250214,26,4,4,5,37,埼玉県,A級3班,１／２車身,11.7,,,,1,2,14810,小川　辰徳
20250214,26,4,5,3,54,静岡県,A級3班,３／４車輪,12.0,,,,3,2,12202,望月裕一郎
20250214,26,4,6,6,46,新潟県,A級3班,５　　車身,12.0,,,,1,3,13692,佐野多喜男
20250214,26,4,7,1,59,奈良県,A級3班,大差,15.3,,,,2,2,11519,大井　啓世
20250214,26,5,1,6,38,栃木県,A級3班,,12.6,差し,,,3,3,14287,齋藤　昌太
20250214,26,5,2,5,39,埼玉県,A級3班,１／２車身,12.9,逃げ,,B,3,1,15606,近藤　圭佑
20250214,26,5,3,1,44,群馬県,A級3班,３／４車輪,12.8,,S,,3,2,13839,若林　耕司
20250214,26,5,4,2,42,大阪府,A級3班,１／２車身,12.6,,,,2,1,14101,永橋　武司
20250214,26,5,5,7,32,奈良県,A級3班,３／４車身,12.5,,,,1,3,15105,大崎龍一郎
20250214,26,5,6,4,24,福島県,A級3班,１車身１／２,12.8,,,,1,1,15787,中村　龍吉
20250214,26,5,7,3,34,宮城県,A級3班,大差,14.4,,,,1,2,14713,鈴木　裕斗
20250214,26,6,1,3,42,福島県,A級2班,,11.8,差し,,,2,2,13916,白石　大輔
20250214,26,6,2,4,29,秋田県,A級2班,１／２車身,11.9,逃げ,S,B,2,1,15511,中込　健太
20250214,26,6,3,1,35,岐阜県,A級1班,１　　車身,11.6,,,,1,1,14597,上田　　隼
20250214,26,6,4,2,55,静岡県,A級2班,１／４車輪,11.8,,,,2,3,12097,斯波　雅貴
20250214,26,6,5,5,55,愛知県,A級2班,３　　車身,11.6,,,,1,2,12206,白井　一機
20250214,26,6,6,7,43,静岡県,A級2班,３　　車身,11.9,,,,3,1,14389,村本　慎吾
20250214,26,6,7,6,49,神奈川県,A級2班,１／２車身,11.9,,,,4,1,14385,山本　　淳
20250214,26,7,1,3,45,神奈川県,A級1班,,13.4,差し,S,,3,2,13903,川崎　健次
20250214,26,7,2,1,27,埼玉県,A級1班,１　　車輪,13.7,逃げ,,B,1,1,15245,尾崎　悠生
20250214,26,7,3,6,51,神奈川県,A級2班,１　　車身,13.4,,,,3,3,12879,石井　　毅
20250214,26,7,4,5,36,神奈川県,A級2班,１／２車輪,13.7,,,,3,1,14994,野口　修平
20250214,26,7,5,7,49,埼玉県,A級2班,大差,14.5,,,,1,2,13176,早川　成矢
20250214,26,7,落,2,51,青森県,A級2班,,,,,,2,1,13006,佐々木健司
20250214,26,7,落,4,42,埼玉県,A級2班,,,,,,1,3,14069,渡邊　政幸
20250214,26,8,1,2,35,奈良県,A級1班,,12.5,逃げ,S,B,1,1,15003,小笹　隼人
20250214,26,8,2,4,39,千葉県,A級2班,１／４車輪,12.3,マーク,,,2,1,14297,田中　勝仁
20250214,26,8,3,5,39,茨城県,A級1班,１／２車身,12.3,,,,2,2,14364,野間　　司
20250214,26,8,4,3,40,三重県,A級1班,３／４車輪,12.1,,,,3,1,14166,倉野隆太郎
20250214,26,8,5,6,46,岐阜県,A級2班,１　　車身,12.0,,,,3,2,13426,本村　隆文
20250214,26,8,6,1,43,岩手県,A級2班,１／２車輪,12.3,,,,2,3,13749,及川　裕奨
20250214,26,8,7,7,37,奈良県,A級2班,１／２車輪,12.3,,,,1,2,14979,黒川　　渉
20250214,26,9,1,1,41,千葉県,A級1班,,11.8,捲くり,,,1,1,14206,金野　俊秋
20250214,26,9,2,2,36,沖縄県,A級1班,２　　車身,12.3,逃げ,,B,2,1,14715,高橋　幸司
20250214,26,9,3,4,49,宮城県,A級2班,１／４車輪,12.2,,S,,2,2,13453,阿部　宏之
20250214,26,9,4,5,49,福井県,A級2班,１／４車輪,11.7,,,,3,3,13047,田中　俊充
20250214,26,9,5,6,52,茨城県,A級2班,微差,11.9,,,,1,2,13013,武田　靖夫
20250214,26,9,6,3,45,愛知県,A級1班,３／４車輪,11.8,,,,3,2,13716,佐藤　　亙
20250214,26,9,7,7,34,三重県,A級2班,１／２車輪,12.0,,,,3,1,15360,勝谷　勝治
20250214,26,10,1,7,22,栃木県,A級2班,,12.3,逃げ,,B,2,1,15794,福田　稔希
20250214,26,10,2,1,24,愛知県,A級1班,１車身１／２,12.0,差し,,,1,1,15535,佐藤　竜太
20250214,26,10,3,2,52,群馬県,A級2班,１／２車輪,12.2,,,,2,2,12721,梅山　英樹
20250214,26,10,4,4,29,福井県,A級1班,１／２車輪,11.9,,S,,1,2,15104,中川　勝貴
20250214,26,10,5,5,50,神奈川県,A級1班,３　　車身,12.2,,,,3,2,12963,荻野　　哲
20250214,26,10,6,3,46,静岡県,A級1班,３／４車身,12.3,,,,3,1,13635,柏木　伸介
20250214,26,10,7,6,50,山梨県,A級2班,大差,16.5,,,,2,3,12957,宮澤　　晃
20250214,26,11,1,1,37,宮城県,A級1班,,12.2,差し,S,,1,2,14212,山崎　将幸
20250214,26,11,2,3,25,新潟県,A級2班,１　　車輪,12.0,マーク,,,3,1,15612,小榑　佑弥
20250214,26,11,3,2,37,奈良県,A級1班,１　　車輪,11.7,,,,2,1,15269,佐山　寛明
20250214,26,11,4,4,36,東京都,A級1班,１／８車輪,11.8,,,,3,3,14512,長井　妙樹
20250214,26,11,5,7,31,宮城県,A級1班,１／２車輪,12.4,,,B,1,1,15507,上遠野拓馬
20250214,26,11,6,5,31,岐阜県,A級1班,３／４車身,11.7,,,,2,2,15000,藤井　準也
20250214,26,11,7,6,41,東京都,A級2班,１車身１／２,12.2,,,,3,2,14366,阿久津浩之
20250214,26,12,1,5,31,埼玉県,A級1班,,11.9,逃げ,,B,1,1,15041,伊藤慶太郎
20250214,26,12,2,2,51,青森県,A級1班,１　　車輪,11.8,マーク,,,2,2,12785,小橋　明紀
20250214,26,12,3,3,39,岐阜県,A級1班,１車身１／２,11.7,,,,3,2,14671,山田　裕哉
20250214,26,12,4,7,49,山梨県,A級1班,３／４車身,11.9,,,,1,3,13560,小佐野文秀
20250214,26,12,5,4,43,大阪府,A級2班,１車身１／２,12.0,,,,3,1,14820,中井　勇介
20250214,26,12,6,1,39,東京都,A級1班,２　　車身,12.2,,S,,1,2,14587,鈴木　謙二
20250214,26,12,欠,6,29,神奈川県,A級1班,,,,,,2,1,15234,八嶋　稔真
20250214,38,1,1,2,40,広島県,S級1班,,12.0,差し,,,2,2,14182,大川　龍二
20250214,38,1,2,5,31,京都府,S級2班,３／４車輪,12.2,差し,,,1,2,15184,中野　雄喜
20250214,38,1,3,3,28,東京都,S級2班,３／４車身,12.1,,,,3,1,15611,長谷川飛向
20250214,38,1,4,8,27,愛媛県,S級2班,１／２車輪,12.3,,,,2,1,15554,近藤　翔馬
20250214,38,1,5,4,33,栃木県,S級2班,１／２車身,12.0,,,,3,2,14806,岡田　泰地
20250214,38,1,6,7,41,栃木県,S級2班,１／２車輪,11.9,,S,,3,3,14059,高塩　讓次
20250214,38,1,7,6,45,宮崎県,S級2班,２　　車身,12.3,,,,2,3,13667,田中　洋輔
20250214,38,1,8,1,28,京都府,S級2班,２　　車身,12.9,,,B,1,1,15457,村田　瑞季
20250214,38,2,1,1,26,埼玉県,S級2班,,11.4,捲くり,S,,1,1,15609,安倍　大成
20250214,38,2,2,5,27,埼玉県,S級2班,１　　車身,11.4,マーク,,,1,2,15520,桑名　僚也
20250214,38,2,3,3,41,福井県,S級2班,１　　車身,11.6,,,,3,3,13959,鷲田　佳史
20250214,38,2,4,6,33,青森県,S級2班,１／２車身,11.8,,,,2,1,14981,磯島　康祐
20250214,38,2,5,2,40,千葉県,S級2班,３　　車身,12.0,,,,2,2,15046,山本　紳貴
20250214,38,2,6,4,28,京都府,S級2班,１車身１／２,12.3,,,B,3,1,15540,徳田　　匠
20250214,38,2,7,8,44,千葉県,S級2班,３　　車身,12.4,,,,2,3,13766,武井　大介
20250214,38,2,8,7,38,大阪府,S級2班,９　　車身,13.5,,,,3,2,15123,清水　一幸
20250214,38,3,1,2,41,福島県,S級1班,,12.1,逃げ,,B,1,1,13921,渡邉　一成
20250214,38,3,2,7,41,福島県,S級2班,１／２車輪,12.0,マーク,,,1,2,14134,小野　大介
20250214,38,3,3,9,29,佐賀県,S級2班,３／４車輪,11.9,,,,2,2,15208,金ヶ江勇気
20250214,38,3,4,8,26,岐阜県,S級2班,１／２車輪,11.8,,,,3,1,15358,三浦　貴大
20250214,38,3,5,1,37,福岡県,S級2班,１／８車輪,11.8,,S,,2,3,14888,佐藤　健太
20250214,38,3,6,3,53,愛知県,S級2班,微差,11.6,,,,3,2,12592,水谷　良和
20250214,38,3,7,6,43,宮城県,S級2班,３／４車輪,11.9,,,,1,3,13827,佐藤　雅彦
20250214,38,3,8,4,48,大阪府,S級2班,１　　車身,11.7,,,,3,3,13582,肥後　尚己
20250214,38,3,9,5,22,熊本県,S級2班,３　　車身,12.5,,,,2,1,15663,松本秀之慎
20250214,38,4,1,7,30,神奈川県,S級2班,,11.8,捲くり,,B,3,1,15616,齋藤　雄行
20250214,38,4,2,1,43,神奈川県,S級1班,１／８車輪,11.7,マーク,,,3,2,14018,内藤　秀久
20250214,38,4,3,8,46,静岡県,S級2班,１　　車輪,11.6,,,,3,3,13473,大塚　英伸
20250214,38,4,4,5,34,福島県,S級2班,１　　車身,11.5,,S,,1,1,14800,伊東　翔貴
20250214,38,4,5,3,46,福島県,S級2班,１　　車身,11.5,,,,1,2,13533,佐藤愼太郎
20250214,38,4,6,4,,,,４　　車身,12.3,,,,2,2,,大瀬戸潤一
20250214,38,4,7,9,49,石川県,S級2班,３／４車輪,11.5,,,,4,2,13045,岩本　和也
20250214,38,4,8,2,31,岡山県,S級2班,２　　車身,12.6,,,,2,1,15059,畝木　　努
20250214,38,4,9,6,28,三重県,S級2班,大差,13.9,,,,4,1,15180,下岡　将也
20250214,38,5,1,9,37,三重県,S級2班,,12.0,差し,,,2,2,14472,坂口　晃輔
20250214,38,5,2,5,26,福井県,S級2班,１／４車輪,12.1,逃げ,,B,2,1,15629,岸田　　剛
20250214,38,5,3,2,52,石川県,S級2班,１／２車身,11.9,,,,2,3,13199,北野　武史
20250214,38,5,4,1,30,岩手県,S級2班,１　　車身,11.8,,,,1,1,15325,後藤　　悠
20250214,38,5,5,6,45,福島県,S級2班,３／４車身,11.7,,,,1,3,13537,谷津田将吾
20250214,38,5,6,4,38,宮城県,S級2班,３／４車輪,11.8,,,,1,2,14646,三浦　雄大
20250214,38,5,7,8,31,新潟県,S級2班,１　　車身,11.7,,,,3,1,15434,片桐　善也
20250214,38,5,8,3,45,埼玉県,S級2班,２　　車身,11.8,,,,3,2,13622,白岩　大助
20250214,38,5,9,7,49,千葉県,S級2班,２　　車身,11.8,,,,3,3,13465,春日　勇人
20250214,38,6,1,5,40,三重県,S級1班,,11.5,差し,,,1,2,14089,浅井　康太
20250214,38,6,2,1,30,愛知県,S級1班,３／４車輪,11.6,逃げ,,B,1,1,15356,藤井　侑吾
20250214,38,6,3,9,47,京都府,S級1班,３／４車身,11.5,,,,1,3,13790,稲垣　裕之
20250214,38,6,4,7,29,福島県,S級1班,１／８車輪,11.3,,,,4,1,15086,酒井　雄多
20250214,38,6,5,2,25,茨城県,S級2班,１　　車輪,11.1,,,,2,2,15336,小畑　勝広
20250214,38,6,6,4,36,青森県,S級1班,３／４車輪,11.3,,,,4,2,14348,坂本　貴史
20250214,38,6,7,8,23,静岡県,S級2班,１車身１／２,11.3,,,,3,1,15619,日高　裕太
20250214,38,6,8,3,29,静岡県,S級1班,タイヤ差,11.1,,,,3,2,15096,大石　剣士
20250214,38,6,9,6,25,茨城県,S級2班,５　　車身,11.7,,S,,2,1,15692,松崎　広太
20250214,38,7,1,5,30,栃木県,S級1班,,11.3,差し,,,4,2,15341,坂井　　洋
20250214,38,7,2,3,27,熊本県,S級1班,１／２車身,11.1,捲くり,,,3,1,15298,嘉永　泰斗
20250214,38,7,3,2,24,静岡県,S級1班,１／４車輪,11.6,,,,2,2,15444,渡邉　雅也
20250214,38,7,4,4,24,静岡県,S級2班,３／４車身,11.8,,,B,2,1,15440,長田　龍拳
20250214,38,7,5,8,37,埼玉県,S級2班,１　　車輪,11.4,,,,4,3,14228,片折　亮太
20250214,38,7,6,6,37,福島県,S級2班,１／２車身,11.3,,,,1,1,14361,真船圭一郎
20250214,38,7,7,9,31,長崎県,S級1班,タイヤ差,11.1,,,,3,2,15130,瀬戸　栄作
20250214,38,7,8,1,33,宮城県,S級2班,３／４車身,11.3,,,,1,2,14796,保科　千春
20250214,38,7,9,7,23,茨城県,S級1班,１車身１／２,11.9,,,,4,1,15518,吉田　有希
20250214,38,8,1,3,34,広島県,S級1班,,12.1,差し,,,3,2,14681,松浦　悠士
20250214,38,8,2,5,25,香川県,S級1班,３／４車輪,12.3,逃げ,,B,3,1,15465,石原　　颯
20250214,38,8,3,1,26,東京都,S級2班,１／２車身,12.0,,S,,1,2,15433,山本　勝利
20250214,38,8,4,2,33,宮崎県,S級1班,４　　車身,12.3,,,,2,2,14854,久島　尚樹
20250214,38,8,5,8,35,山口県,S級2班,１／４車輪,12.5,,,,3,3,14551,山下　一輝
20250214,38,8,6,7,25,茨城県,S級2班,１／２車身,12.5,,,,1,1,15334,朝倉　智仁
20250214,38,8,7,4,51,静岡県,S級2班,１車身１／２,12.3,,,,4,2,12826,渡邉　晴智
20250214,38,8,8,6,26,福岡県,S級2班,４　　車身,12.8,,,,2,1,15562,山本　浩成
20250214,38,8,9,9,42,千葉県,S級1班,大差,13.4,,,,4,1,15169,野口　裕史
20250214,38,9,1,1,41,千葉県,S級S班,,11.6,捲くり,,,1,2,14377,岩本　俊介
20250214,38,9,2,2,28,長野県,S級2班,１車身１／２,11.6,マーク,,,2,1,15522,堀江　省吾
20250214,38,9,3,9,40,岡山県,S級1班,４　　車身,11.5,,,,3,1,14484,河端　朋之
20250214,38,9,4,6,28,長崎県,S級2班,１　　車身,11.3,,,,4,1,15211,平尾　一晃
20250214,38,9,5,3,33,高知県,S級2班,１／４車輪,11.5,,,,3,2,15199,田尾　駿介
20250214,38,9,6,7,42,茨城県,S級1班,１／２車身,11.9,,,,2,2,13922,河野　通孝
20250214,38,9,7,4,46,福岡県,S級2班,３／４車身,11.4,,,,4,2,13514,山口　貴嗣
20250214,38,9,8,8,30,静岡県,S級2班,３／４車身,11.9,,S,,1,3,15262,内山　雅貴
20250214,38,9,9,5,28,千葉県,S級2班,大差,14.2,,,B,1,1,15525,鈴木　浩太
20250214,38,10,1,7,31,青森県,S級S班,,11.3,捲くり,,,4,1,15034,新山　響平
20250214,38,10,2,5,24,長野県,S級1班,１車身１／２,11.6,捲くり,S,B,1,2,15412,菊池　岳仁
20250214,38,10,3,9,35,長野県,S級2班,１／８車輪,11.5,,,,1,3,14588,柿澤　大貴
20250214,38,10,4,8,25,岡山県,S級2班,１／４車輪,11.4,,,,3,1,15729,山根　慶太
20250214,38,10,5,1,36,徳島県,S級2班,１　　車身,11.3,,,,3,2,14554,山形　一気
20250214,38,10,6,3,31,岐阜県,S級1班,１　　車輪,11.3,,,,2,1,14977,川口　聖二
20250214,38,10,7,2,54,秋田県,S級1班,２　　車身,11.6,,,,4,2,12339,内藤　宣彦
20250214,38,10,8,4,45,大阪府,S級1班,７　　車身,11.8,,,,2,2,13961,松村　友和
20250214,38,10,9,6,23,埼玉県,S級2班,５　　車身,13.1,,,,1,1,15605,加藤　将武
20250214,38,11,1,7,26,栃木県,S級S班,,11.7,捲くり,,B,1,2,15242,眞杉　　匠
20250214,38,11,2,1,47,長崎県,S級1班,３　　車身,11.7,差し,,,2,2,13516,荒井　崇博
20250214,38,11,3,9,24,福岡県,S級1班,１／４車輪,11.9,,,,2,1,15649,後藤　大輝
20250214,38,11,4,3,52,岐阜県,S級1班,１　　車身,11.9,,,,3,2,12596,志智　俊夫
20250214,38,11,5,8,26,岡山県,S級2班,３／４車身,11.9,,,,4,1,15638,昼田　達哉
20250214,38,11,6,5,39,徳島県,S級1班,１車身１／２,12.3,,,,4,2,14190,木村　隆弘
20250214,38,11,7,6,25,岐阜県,S級2班,１／４車輪,12.3,,,,3,1,15718,棚瀬　義大
20250214,38,11,8,2,36,茨城県,S級1班,１車身１／２,12.3,,S,,1,3,14441,芦澤　辰弘
20250214,38,11,9,4,24,埼玉県,S級2班,大差,13.9,,,,1,1,15426,太田　龍希
20250214,38,12,1,1,35,静岡県,S級1班,,11.4,逃げ,S,B,1,1,14534,深谷　知広
20250214,38,12,2,5,43,静岡県,S級1班,１／２車身,11.3,マーク,,,1,2,13772,岡村　　潤
20250214,38,12,3,2,40,兵庫県,S級2班,１／２車身,11.2,,,,3,2,14103,村田　雅一
20250214,38,12,4,9,34,兵庫県,S級2班,３／４車身,11.4,,,,3,1,14767,藤井　栄二
20250214,38,12,5,3,23,香川県,S級2班,１／２車輪,11.0,,,,5,1,15552,上野　雅彦
20250214,38,12,6,8,24,群馬県,S級2班,１／２車身,10.9,,,,4,1,15694,浮島　知稀
20250214,38,12,7,4,40,群馬県,S級2班,１車身１／２,10.8,,,,4,2,14143,天田　裕輝
20250214,38,12,8,7,40,愛媛県,S級1班,１／２車輪,11.2,,,,2,1,14038,橋本　　強
20250214,38,12,9,6,48,神奈川県,S級2班,１　　車輪,11.4,,,,1,3,13632,川口　直人
20250214,43,1,1,2,54,香川県,A級2班,,12.5,差し,,,2,2,12473,清水　邦章
20250214,43,1,2,1,36,大分県,A級1班,１／８車輪,12.2,差し,S,,1,1,14494,山崎　　翼
20250214,43,1,3,4,41,福岡県,A級2班,３／４車身,12.1,,,,1,2,14042,徳吉　正治
20250214,43,1,4,6,31,広島県,A級1班,１／４車輪,12.7,,,B,2,1,15194,船瀬　惇平
20250214,43,1,5,3,47,高知県,A級2班,１／４車輪,12.5,,,,2,3,14776,川上　修平
20250214,43,1,6,5,44,福岡県,A級2班,２　　車身,12.2,,,,1,3,13767,松丸　裕紀
20250214,43,2,1,3,45,三重県,A級2班,,12.6,差し,,,1,3,13723,高谷進太郎
20250214,43,2,2,5,35,和歌山県,A級1班,１／２車輪,12.8,差し,,,1,2,14758,中野　智公
20250214,43,2,3,1,34,和歌山県,A級1班,１／４車輪,13.0,,S,B,1,1,15112,日浦　崇道
20250214,43,2,4,6,49,広島県,A級1班,３／４車身,12.6,,,,2,3,13435,中石　昌芳
20250214,43,2,5,4,50,福岡県,A級2班,３／４車輪,12.5,,,,2,2,13069,白川　有司
20250214,43,2,6,2,24,熊本県,A級2班,６　　車身,12.9,,,,2,1,15748,田中　会心
20250214,43,3,1,5,24,岡山県,A級2班,,12.1,逃げ,,B,2,1,15726,龍野琳太郎
20250214,43,3,2,1,46,山口県,A級2班,３／４車輪,12.0,マーク,,,2,2,13652,隅　　直幸
20250214,43,3,3,2,26,愛知県,A級2班,１／２車身,11.9,,,,1,1,15534,牛田樹希斗
20250214,43,3,4,4,28,大阪府,A級1班,１／２車輪,11.6,,S,,3,1,15543,福元　啓太
20250214,43,3,5,7,47,愛知県,A級1班,１／２車身,11.8,,,,1,2,13571,小林　信晴
20250214,43,3,6,3,49,大阪府,A級2班,２　　車身,11.8,,,,3,2,12981,片山　弘城
20250214,43,3,7,6,23,福井県,A級2班,９　　車身,12.8,,,,4,1,15722,竹澤　雅也
20250214,43,4,1,3,34,大阪府,A級1班,,12.2,差し,,,1,2,14839,山本　巨樹
20250214,43,4,2,4,33,和歌山県,A級2班,１／２車身,12.4,差し,,,1,1,15109,大利　航平
20250214,43,4,3,5,30,岐阜県,A級1班,３／４車輪,12.5,,,B,3,1,15001,堀　　兼壽
20250214,43,4,4,2,42,長崎県,A級2班,１／２車身,12.2,,,,3,3,14048,川島　　勝
20250214,43,4,5,1,52,愛知県,A級1班,３／４車身,12.1,,S,,2,2,13042,渡邊　　健
20250214,43,4,6,6,35,愛知県,A級2班,３　　車身,12.6,,,,2,1,14997,下岡　優季
20250214,43,4,7,7,35,福岡県,A級1班,３　　車身,13.1,,,,3,2,14601,小竹　洋平
20250214,43,5,1,1,48,愛知県,A級2班,,12.3,差し,S,,3,2,13264,山中　貴雄
20250214,43,5,1,1,42,高知県,S級2班,,12.3,差し,S,,3,2,14108,山中　貴雄
20250214,43,5,2,7,41,広島県,S級2班,１／２車輪,12.2,マーク,,,3,3,14680,増原　正人
20250214,43,5,3,4,26,愛媛県,S級2班,１／２車身,12.5,,,B,3,1,15380,外田　心斗
20250214,43,5,4,2,52,愛知県,S級2班,１／８車輪,11.9,,,,1,2,12669,伊藤　正樹
20250214,43,5,5,5,40,福岡県,S級2班,２　　車身,12.2,,,,2,2,14558,松尾　　透
20250214,43,5,6,3,25,佐賀県,S級2班,６　　車身,12.9,,,,2,1,15744,橋本　宇宙
20250214,43,5,7,6,42,愛知県,S級2班,５　　車身,13.3,,,,1,1,14026,高橋　成英
20250214,43,6,1,3,41,大阪府,S級1班,,11.5,捲くり,,B,3,1,14253,伊藤　　信
20250214,43,6,2,4,41,大阪府,S級2班,１／２車輪,11.4,マーク,,,3,2,14399,佐川　翔吾
20250214,43,6,3,2,25,大分県,S級2班,２　　車身,11.4,,,,1,1,15747,長松　空吾
20250214,43,6,4,7,28,熊本県,S級2班,１　　車輪,11.3,,,,1,2,15570,松本　憲斗
20250214,43,6,5,6,45,岐阜県,S級2班,７　　車身,12.2,,,,2,3,14600,山田　祥明
20250214,43,6,6,5,47,岐阜県,S級2班,１／４車輪,12.3,,,,2,2,13267,鷲見　逸喜
20250214,43,6,7,1,32,三重県,S級2班,１　　車身,12.5,,S,,2,1,15462,溝口　　葵
20250214,43,7,1,1,33,岡山県,S級2班,,12.1,差し,S,,3,2,14879,月森　亮輔
20250214,43,7,2,2,45,高知県,S級2班,１／２車身,12.0,差し,,,1,2,13890,藤原　　浩
20250214,43,7,3,4,34,福岡県,S級2班,１／２車輪,11.9,,,,4,1,14688,西田　大志
20250214,43,7,4,5,30,岡山県,S級2班,１／８車輪,12.3,,,B,3,1,15276,佐伯　亮輔
20250214,43,7,5,6,31,愛媛県,S級2班,２　　車身,12.4,,,,1,1,15201,門田　　凌
20250214,43,7,6,7,30,大阪府,S級2班,９　　車身,12.7,,,,2,2,15115,堀　　僚介
20250214,43,7,7,3,27,福井県,S級2班,大差,14.8,,,,2,1,15539,上杉　嘉槻
20250214,43,8,1,3,37,岡山県,S級2班,,11.8,差し,,,1,2,14769,坂本　修一
20250214,43,8,2,4,39,長崎県,S級2班,１／４車輪,11.8,マーク,,,2,1,14211,佐藤　幸治
20250214,43,8,3,5,38,三重県,S級1班,１　　車輪,12.0,,,,1,1,14174,柴崎　　淳
20250214,43,8,4,2,41,佐賀県,S級2班,３／４車身,11.8,,,,2,2,14196,小林　弘和
20250214,43,8,5,7,48,和歌山県,S級2班,１／２車身,12.2,,,,3,2,13642,西岡　正一
20250214,43,8,6,6,45,大分県,S級2班,１　　車身,11.8,,,,2,3,13744,菅原　　晃
20250214,43,8,7,1,34,和歌山県,S級1班,１／２車輪,12.4,,S,B,3,1,15058,中西　　大
20250214,43,9,1,7,44,福井県,S級2班,,12.7,差し,,,1,2,13724,渡辺　十夢
20250214,43,9,2,5,40,熊本県,S級1班,１／４車輪,12.5,差し,,,2,2,14122,松岡　貴久
20250214,43,9,3,2,29,和歌山県,S級2班,３／４車輪,12.8,,S,B,1,1,15458,貴志　修己
20250214,43,9,4,4,39,福井県,S級2班,１／８車輪,12.5,,,,1,3,14249,鷲田　幸司
20250214,43,9,5,6,44,熊本県,S級2班,３／４車輪,12.5,,,,2,3,14631,佐方　良行
20250214,43,9,6,1,35,高知県,S級2班,２　　車身,12.7,,,,3,1,15124,山本　拳也
20250214,43,9,7,3,25,佐賀県,S級2班,６　　車身,13.7,,,,2,1,15473,青柳　靖起
20250214,43,10,1,1,47,岐阜県,S級2班,,12.2,差し,S,,3,2,13782,原　　真司
20250214,43,10,2,5,48,愛知県,S級2班,タイヤ差,12.1,マーク,,,3,3,13118,山内　卓也
20250214,43,10,3,4,25,岐阜県,S級2班,１　　車輪,12.3,,,B,3,1,15449,橋本　優己
20250214,43,10,4,7,50,香川県,S級1班,１／２車身,12.1,,,,2,2,13059,香川　雄介
20250214,43,10,5,3,43,福井県,S級2班,１車身１／２,12.0,,,,1,1,14178,伊原　克彦
20250214,43,10,6,6,36,滋賀県,S級2班,１／２車輪,11.9,,,,1,2,14477,白上　　翔
20250214,43,10,7,2,27,愛媛県,S級2班,３　　車身,12.7,,,,2,1,15204,吉田　智哉
20250214,43,11,1,5,33,高知県,A級1班,,12.2,差し,,,2,2,14849,宗崎　世連
20250214,43,11,2,1,27,和歌山県,A級2班,１／２車輪,12.1,捲くり,,,1,1,15185,布居　大地
20250214,43,11,3,2,22,愛媛県,A級1班,１／２車身,12.5,,,B,2,1,15555,林　　昌幸
20250214,43,11,4,7,38,佐賀県,A級1班,１／４車輪,12.1,,,,3,2,14337,佐々木翔一
20250214,43,11,5,3,34,佐賀県,A級1班,１／２車身,12.1,,S,,3,3,14690,好永　　晃
20250214,43,11,6,6,41,岐阜県,A級2班,１　　車身,12.1,,,,1,2,13951,永井　清史
20250214,43,11,7,4,27,福岡県,A級2班,８　　車身,12.6,,,,3,1,15652,橋本　　陸
20250214,43,12,1,2,29,徳島県,S級S班,,11.8,逃げ,,B,3,1,15553,犬伏　湧也
20250214,43,12,2,7,49,山口県,S級1班,３／４車輪,11.7,マーク,,,3,2,13355,桑原　大志
20250214,43,12,3,4,45,長崎県,S級1班,１　　車身,11.7,,,,3,3,13815,井上　昌己
20250214,43,12,4,5,45,愛知県,S級1班,３／４車身,11.5,,S,,1,2,13637,笠松　信幸
20250214,43,12,5,3,43,大阪府,S級1班,１／４車輪,11.9,,,,2,1,13962,南　　修二
20250214,43,12,6,6,43,岐阜県,S級1班,３／４車身,11.5,,,,1,3,14028,山口　泰生
20250214,43,12,7,1,31,三重県,S級1班,１／２車身,11.7,,,,1,1,14940,谷口　遼平
20250214,44,1,1,3,24,兵庫県,A級3班,,12.3,差し,,,1,1,15828,秋末　　蓮
20250214,44,1,2,2,30,山口県,A級3班,１　　車輪,12.0,捲くり,S,,2,1,15834,原田　峻治
20250214,44,1,3,5,40,大阪府,A級3班,２　　車身,12.2,,,,1,3,14099,坂本　佳憲
20250214,44,1,4,6,46,富山県,A級3班,１／８車輪,12.9,,,B,3,1,14395,竹田　慎一
20250214,44,1,5,4,52,岡山県,A級3班,１　　車身,12.1,,,,2,2,12754,小野　祐作
20250214,44,1,6,7,48,岐阜県,A級3班,１／２車輪,12.0,,,,2,3,13266,伊藤　嘉浩
20250214,44,1,7,1,54,大阪府,A級3班,５　　車身,12.9,,,,1,2,12444,垣外中勝哉
20250214,44,2,1,3,44,長崎県,A級3班,,12.3,差し,,,1,2,13895,松尾　大樹
20250214,44,2,2,1,23,鹿児島県,A級3班,１／２車輪,12.4,逃げ,S,B,1,1,15845,稲留　敦貴
20250214,44,2,3,7,45,徳島県,A級3班,３／４車身,12.2,,,,2,3,13588,齋藤　　仁
20250214,44,2,4,6,46,富山県,A級3班,１　　車輪,12.1,,,,1,4,13866,永原　　徹
20250214,44,2,5,4,52,高知県,A級3班,３／４車身,12.1,,,,2,2,12542,森下　忠夫
20250214,44,2,6,2,42,愛知県,A級3班,３／４車身,12.4,,,,1,3,14171,深見　仁哉
20250214,44,2,7,5,27,高知県,A級3班,４　　車身,12.8,,,,2,1,15286,土居　佑次
20250214,44,3,1,2,22,愛知県,A級3班,,11.8,捲くり,S,B,1,1,15813,山本　和虎
20250214,44,3,2,3,48,宮崎県,A級3班,７　　車身,12.3,捲くり,,,3,2,13375,五反田豊和
20250214,44,3,3,1,55,愛知県,A級3班,５　　車身,12.5,,,,1,2,12208,鰐渕　正利
20250214,44,3,4,4,53,岐阜県,A級3班,微差,12.3,,,,1,3,12597,塚本　貴雄
20250214,44,3,5,5,57,兵庫県,A級3班,１車身１／２,12.5,,,,2,1,11715,黒木　誠一
20250214,44,3,6,7,33,佐賀県,A級3班,１車身１／２,13.1,,,,3,1,15013,平川慎太郎
20250214,44,3,7,6,56,鹿児島県,A級3班,４　　車身,13.2,,,,3,3,12406,濱田昭一郎
20250214,44,4,1,3,31,長崎県,A級3班,,11.7,捲くり,,,2,1,15210,白濱　一平
20250214,44,4,2,1,21,山口県,A級3班,１／２車身,12.5,逃げ,S,B,1,1,15833,野村　　賢
20250214,44,4,3,2,39,岡山県,A級3班,１／２車身,12.4,,,,1,2,14550,龍門慎太郎
20250214,44,4,4,4,36,熊本県,A級3班,１／２車身,11.7,,,,2,2,14853,中山敬太郎
20250214,44,4,5,5,43,愛知県,A級3班,大差,13.0,,,,3,2,13861,岡田　大門
20250214,44,4,6,6,51,岡山県,A級3班,１車身１／２,13.0,,,,1,3,12906,太田　良政
20250214,44,4,7,7,34,石川県,A級3班,大差,14.3,,,,3,1,15103,吉川　勇気
20250214,44,5,1,3,39,佐賀県,A級1班,,12.0,差し,,,2,2,14341,松尾　玄太
20250214,44,5,2,2,37,佐賀県,A級2班,微差,12.1,逃げ,,B,2,1,14267,一ノ瀬　匠
20250214,44,5,3,5,30,富山県,A級2班,３／４車身,11.9,,,,1,1,15054,谷本　奨輝
20250214,44,5,4,1,51,石川県,A級1班,１　　車身,11.9,,S,,1,2,12679,坂上　忠克
20250214,44,5,5,4,54,岡山県,A級2班,１　　車身,11.9,,,,3,2,12298,星島　　太
20250214,44,5,6,6,51,徳島県,A級2班,１／２車輪,11.8,,,,3,3,12913,増田　鉄男
20250214,44,5,7,7,43,岡山県,A級2班,大差,14.4,,,,3,1,14880,野見　泰要
20250214,44,6,1,3,47,滋賀県,A級2班,,12.6,差し,,,1,2,13485,善利　裕生
20250214,44,6,2,1,42,兵庫県,A級1班,３／４車輪,12.5,マーク,S,,1,3,14402,泉谷　直哉
20250214,44,6,3,2,40,大阪府,A級2班,３／４車輪,12.8,,,B,1,1,15271,大城　慶之
20250214,44,6,4,7,23,愛知県,A級1班,３／４車身,12.5,,,,3,1,15532,石田　拓真
20250214,44,6,5,6,42,愛知県,A級2班,１　　車輪,12.4,,,,3,2,14169,富安　保充
20250214,44,6,6,4,40,長崎県,A級2班,３　　車身,12.5,,,,2,2,14342,南部　亮太
20250214,44,6,7,5,25,熊本県,A級2班,３／４車身,12.8,,,,2,1,15664,米村　光星
20250214,44,7,1,2,25,徳島県,A級1班,,11.9,差し,,,2,1,15644,中野光太郎
20250214,44,7,2,1,44,愛知県,A級1班,１　　車輪,12.3,差し,S,,1,2,14594,太田　剛司
20250214,44,7,3,3,45,岡山県,A級1班,３／４車輪,11.8,,,,2,2,13735,井上　　剛
20250214,44,7,4,4,39,石川県,A級2班,３／４車身,12.5,,,B,1,1,14474,山崎　　晃
20250214,44,7,5,5,52,福岡県,A級2班,１／２車身,11.8,,,,2,3,12850,渡邉　　満
20250214,44,7,6,6,48,岐阜県,A級2班,３／４車身,12.4,,,,1,3,13331,橋本　大祐
20250214,44,7,7,7,43,福岡県,A級2班,６　　車身,13.0,,,,3,1,13893,片山　直人
20250214,44,8,1,2,25,高知県,A級1班,,11.9,差し,S,,1,2,15733,都築　　巧
20250214,44,8,2,1,25,香川県,A級2班,１　　車輪,12.0,逃げ,,B,1,1,15836,遠藤　拓巳
20250214,44,8,3,7,52,高知県,A級2班,１　　車身,11.9,,,,1,3,13063,赤松　秀展
20250214,44,8,4,3,38,京都府,A級1班,３／４車輪,11.7,,,,2,2,14479,金子　浩貴
20250214,44,8,5,6,37,京都府,A級2班,１　　車輪,11.8,,,,2,1,14603,佐野　洋継
20250214,44,8,6,5,48,大阪府,A級3班,２　　車身,11.8,,,,3,2,13795,井上　将志
20250214,44,8,6,5,38,福岡県,A級2班,２　　車身,11.8,,,,3,2,14687,井上　将志
20250214,44,8,6,5,40,兵庫県,A級3班,２　　車身,11.8,,,,3,2,14841,井上　将志
20250214,44,8,7,4,26,熊本県,A級1班,大差,12.8,,,,3,1,15387,緒方慎太朗
20250214,44,9,1,2,38,京都府,A級1班,,11.9,差し,S,,2,2,14313,小谷　　実
20250214,44,9,2,4,25,福井県,A級1班,１／４車輪,12.0,逃げ,,B,2,1,15361,高田　修汰
20250214,44,9,3,1,43,香川県,A級1班,１／２車身,11.6,,,,1,2,14104,池田　憲昭
20250214,44,9,4,5,49,愛知県,A級1班,１／２車輪,11.9,,,,2,3,14747,猪俣　康一
20250214,44,9,5,6,25,宮崎県,A級1班,１　　車身,11.9,,,,3,1,15665,福田　　要
20250214,44,9,6,7,48,岐阜県,A級1班,２　　車身,12.1,,,,4,1,14307,谷田　泰平
20250214,44,9,7,3,50,岡山県,A級1班,１／４車輪,12.4,,,,1,1,13497,藤田　昌宏
20250214,61,1,1,1,25,青森県,A級2班,,12.1,逃げ,,B,1,1,15685,小笠原一真
20250214,61,1,2,4,47,福島県,A級2班,１　　車輪,12.0,マーク,,,1,2,14282,石川　恭規
20250214,61,1,3,5,26,埼玉県,A級2班,１／２車輪,11.9,,,,2,1,15427,戸邉　捺希
20250214,61,1,4,2,52,埼玉県,A級2班,１　　車身,12.0,,,,2,2,12956,鈴木　孝征
20250214,61,1,5,3,47,福岡県,A級2班,１／２車輪,12.1,,,,3,2,13809,杉山　　剛
20250214,61,1,6,6,29,静岡県,A級2班,３／４車輪,12.0,,S,,4,1,15100,渡邊　颯太
20250214,61,1,7,7,27,福岡県,A級2班,大差,13.8,,,,3,1,15557,梶原　大地
20250214,61,2,1,5,29,青森県,A級1班,,12.2,逃げ,,B,1,1,15599,堀　　航輝
20250214,61,2,2,4,34,福島県,A級1班,タイヤ差,12.1,マーク,,,1,2,14717,泉　　文人
20250214,61,2,3,1,38,神奈川県,A級2班,１／２車身,12.0,,S,,1,3,14866,櫻井　利之
20250214,61,2,4,6,54,岡山県,A級2班,１／８車輪,11.8,,,,2,1,12299,増成　富夫
20250214,61,2,5,2,48,香川県,A級2班,１車身１／２,11.8,,,,2,2,13587,船曳　義之
20250214,61,2,6,7,54,長崎県,A級1班,４　　車身,12.1,,,,3,2,12628,阪本　正和
20250214,61,2,7,3,37,佐賀県,A級2班,８　　車身,13.0,,,,3,1,14492,飯塚　隼人
20250214,61,3,1,4,45,徳島県,A級1班,,12.7,差し,,,1,2,13589,佐竹　和也
20250214,61,3,2,2,42,広島県,A級1班,１／２車身,12.9,逃げ,S,B,1,1,13868,岡崎　景介
20250214,61,3,3,7,42,徳島県,A級2班,３／４車輪,12.7,,,,1,3,14261,作田　悦章
20250214,61,3,4,6,43,鹿児島県,A級2班,１／２車輪,12.3,,,,4,1,13974,大竹野裕樹
20250214,61,3,5,5,46,神奈川県,A級1班,１／２車輪,12.5,,,,3,2,13855,近藤　俊明
20250214,61,3,6,1,44,長野県,A級1班,１／４車輪,12.6,,,,2,1,14665,小峰　　烈
20250214,61,3,7,3,32,静岡県,A級1班,１車身１／２,12.3,,,,3,1,15531,深瀬　泰我
20250214,61,4,1,7,32,大分県,A級1班,,12.1,逃げ,S,B,1,1,15131,池部　壮太
20250214,61,4,2,4,41,岡山県,A級1班,３／４車輪,12.0,マーク,,,1,2,14258,片山　智晴
20250214,61,4,3,1,45,岡山県,A級1班,１　　車身,12.0,,,,1,3,14549,戸伏　康夫
20250214,61,4,4,3,47,静岡県,A級2班,１車身１／２,12.0,,,,1,4,13259,望月　紀男
20250214,61,4,5,5,34,愛媛県,A級1班,１／２車輪,11.5,,,,2,2,15127,野村　典嗣
20250214,61,4,6,6,48,群馬県,A級2班,１　　車身,12.0,,,,3,1,13838,山田　　武
20250214,61,4,7,2,31,愛媛県,A級2班,１　　車身,11.9,,,,2,1,15011,吉岡伸太郎
20250214,61,5,1,3,40,茨城県,A級1班,,12.2,差し,S,,1,2,14053,鈴木謙太郎
20250214,61,5,2,4,28,栃木県,A級1班,１／２車輪,12.4,逃げ,,B,1,1,15423,上川　直紀
20250214,61,5,3,1,46,佐賀県,A級1班,１　　車身,12.1,,,,2,2,13811,池田　浩士
20250214,61,5,4,2,54,徳島県,A級1班,１／８車輪,12.0,,,,3,2,12474,小川　圭二
20250214,61,5,5,6,26,大分県,A級2班,１／２車身,12.2,,,,2,1,15754,成海　大聖
20250214,61,5,6,5,53,広島県,A級2班,２　　車身,12.2,,,,3,3,12757,市本　隆司
20250214,61,5,7,7,34,徳島県,A級1班,４　　車身,12.7,,,,3,1,14684,松本　卓也
20250214,61,6,1,2,38,福島県,S級2班,,12.0,差し,,,2,1,14137,房州　輝也
20250214,61,6,2,4,26,新潟県,S級2班,１車身１／２,12.3,差し,,,3,1,15613,滝本　幸正
20250214,61,6,3,6,31,愛媛県,S級2班,３／４車輪,12.4,,,B,1,1,15064,吉武信太朗
20250214,61,6,4,1,44,高知県,S級2班,１／２車身,12.0,,S,,1,3,14109,吉松　直人
20250214,61,6,5,5,54,徳島県,S級2班,１　　車身,12.3,,,,1,2,12234,室井　竜二
20250214,61,6,6,3,38,埼玉県,S級2班,２　　車身,12.3,,,,3,2,14148,岸澤　賢太
20250214,61,7,1,2,51,静岡県,S級2班,,11.9,差し,,,3,2,12887,新田　康仁
20250214,61,7,2,3,52,福岡県,S級2班,１　　車身,11.8,差し,,,1,2,12705,那須　久幸
20250214,61,7,3,5,26,静岡県,S級2班,３／４車身,12.3,,,B,3,1,15354,齋木　翔多
20250214,61,7,4,1,30,東京都,S級2班,１／２車輪,12.0,,S,,2,1,15254,鈴木　輝大
20250214,61,7,5,6,41,茨城県,S級2班,２　　車身,12.1,,,,2,2,14457,北野　良栄
20250214,61,7,6,4,33,福岡県,S級2班,１　　車輪,12.3,,,,1,1,14889,津村洸次郎
20250214,61,8,1,1,25,岡山県,S級2班,,12.0,逃げ,,B,1,1,15725,青木　瑞樹
20250214,61,8,2,5,51,広島県,S級2班,１／２車輪,11.8,差し,,,1,3,13438,前反祐一郎
20250214,61,8,3,6,42,神奈川県,S級2班,１　　車身,11.8,,,,2,1,14302,武田　憲祐
20250214,61,8,4,4,31,岡山県,S級2班,タイヤ差,12.0,,S,,1,2,15202,今野　大輔
20250214,61,8,5,2,41,山梨県,S級2班,３／４車輪,11.5,,,,3,2,14076,志村　太賀
20250214,61,8,6,7,41,茨城県,S級2班,１／４車輪,11.4,,,,3,3,14286,関　　貴之
20250214,61,8,7,3,39,埼玉県,S級2班,１／４車輪,11.6,,,,3,1,14066,池田　勇人
20250214,61,9,1,4,41,千葉県,S級2班,,11.7,逃げ,,B,3,1,14378,加賀山　淳
20250214,61,9,2,6,43,千葉県,S級2班,３／４車輪,11.5,マーク,,,3,2,14005,山本　健也
20250214,61,9,3,1,36,東京都,S級2班,１／４車輪,11.4,,S,,3,3,14511,内藤　高裕
20250214,61,9,4,5,37,埼玉県,S級2班,１／２車身,11.3,,,,2,1,14720,高橋　広大
20250214,61,9,5,7,38,熊本県,S級2班,１／２車身,11.1,,,,1,2,14691,東矢　昇太
20250214,61,9,6,2,38,福島県,S級2班,１　　車身,11.0,,,,1,3,14574,佐伯　　翔
20250214,61,9,7,3,34,徳島県,S級1班,４　　車身,11.7,,,,1,1,14682,原田研太朗
20250214,61,10,1,4,34,宮城県,S級2班,,11.2,差し,S,,3,2,15035,阿部　拓真
20250214,61,10,2,6,23,福島県,S級2班,１　　車輪,11.4,逃げ,,B,3,1,15595,邊見　光輝
20250214,61,10,3,3,41,埼玉県,S級2班,１／２車身,11.2,,,,3,3,14448,相川　永伍
20250214,61,10,4,1,28,熊本県,S級1班,１／２車身,10.7,,,,1,1,15479,松岡　辰泰
20250214,61,10,5,5,47,千葉県,S級2班,１／２車身,10.9,,,,2,2,13765,海老根恵太
20250214,61,10,6,2,43,千葉県,S級2班,１／２車輪,11.1,,,,2,1,13850,山賀　雅仁
20250214,61,10,7,7,30,熊本県,S級1班,３／４車身,10.7,,,,1,2,15132,瓜生　崇智
20250214,61,11,1,5,30,福島県,S級1班,,12.0,逃げ,,B,1,1,15333,高橋　晋也
20250214,61,11,2,4,47,岡山県,S級1班,１／２車身,11.7,差し,,,2,2,13291,三宅　達也
20250214,61,11,3,1,43,千葉県,S級1班,１／４車輪,11.9,,S,,1,2,13851,和田健太郎
20250214,61,11,4,6,26,熊本県,S級2班,１　　車輪,11.6,,,,3,1,15476,緒方　将樹
20250214,61,11,5,3,44,熊本県,S級2班,１／２車身,11.5,,,,3,2,13821,中村　圭志
20250214,61,11,6,2,33,徳島県,S級2班,１　　車輪,12.0,,,,2,1,14846,久米　康平
20250214,61,11,7,7,47,千葉県,S級1班,２　　車身,11.9,,,,1,3,13252,中村　浩士
20250214,61,12,1,3,35,鹿児島県,S級2班,,12.0,捲くり,,,2,1,14958,新納　大輝
20250214,61,12,2,4,46,福島県,S級1班,３／４車身,12.2,差し,S,,3,2,13917,成田　和也
20250214,61,12,3,7,35,栃木県,S級1班,１／２車輪,12.3,,,,3,1,14507,長島　大介
20250214,61,12,4,2,52,宮城県,S級2班,１　　車身,12.2,,,,3,3,13306,齋藤登志信
20250214,61,12,5,1,37,岡山県,S級2班,１　　車輪,12.4,,,,1,2,14485,田中　勇二
20250214,61,12,6,6,25,広島県,S級2班,１／８車輪,12.5,,,B,1,1,15730,黒瀬浩太郎
20250214,61,12,7,5,40,岡山県,S級2班,２　　車身,12.2,,,,1,3,14613,黒田　　淳
20250214,71,1,1,2,59,愛媛県,A級3班,,12.7,捲くり,,,2,1,11431,梶應　弘樹
20250214,71,1,2,3,53,東京都,A級3班,１／２車輪,13.0,逃げ,,B,3,1,12725,浦山　一栄
20250214,71,1,3,6,61,山口県,A級3班,１／８車輪,12.7,,,,4,1,10920,村上　清隆
20250214,71,1,4,4,47,栃木県,A級3班,１　　車身,13.0,,,,3,3,13541,高森　圭介
20250214,71,1,5,5,44,岩手県,A級3班,３／４車輪,12.7,,,,1,2,13905,藤原　義晴
20250214,71,1,6,1,39,福島県,A級3班,１／４車輪,12.8,,,,1,1,14357,佐藤　康恭
20250214,71,1,欠,7,47,栃木県,A級3班,,,,,,3,2,13397,鈴木龍之介
20250214,71,2,1,7,38,広島県,A級3班,,12.2,捲くり,,,1,1,14844,三登　誉哲
20250214,71,2,2,1,44,香川県,A級3班,１車身１／２,12.2,マーク,S,,1,2,13802,大林　亮介
20250214,71,2,3,6,51,熊本県,A級3班,１／４車輪,12.1,,,,1,3,13299,五十嵐博一
20250214,71,2,4,5,53,埼玉県,A級3班,１／２車身,12.7,,,,2,2,12348,飯田　威文
20250214,71,2,5,2,45,静岡県,A級3班,１車身１／２,12.7,,,,2,3,13713,丸山　勝也
20250214,71,2,6,3,34,長野県,A級3班,１　　車輪,13.0,,,B,2,1,14666,等々力久就
20250214,71,2,7,4,46,神奈川県,A級3班,１車身１／２,12.7,,,,3,1,13706,對馬　太陽
20250214,71,3,1,7,45,栃木県,A級3班,,12.6,差し,,,2,1,13926,早坂　道義
20250214,71,3,2,6,56,徳島県,A級3班,１／２車身,13.1,差し,,,3,3,12307,尾崎　勝弘
20250214,71,3,3,5,55,福岡県,A級3班,１／２車輪,13.3,,,,3,2,12319,高尾　剛文
20250214,71,3,4,2,36,福岡県,A級3班,１／２車輪,13.5,,,B,3,1,15472,吉田　勇気
20250214,71,3,5,4,48,千葉県,A級3班,１　　車輪,13.1,,,,1,1,14739,里見　恒平
20250214,71,3,6,1,53,静岡県,A級3班,１車身１／２,13.1,,,,1,2,12514,海野　敦男
20250214,71,3,7,3,59,静岡県,A級3班,２　　車身,13.3,,,,1,3,11142,小林　宏年
20250214,71,4,1,7,25,岡山県,A級3班,,12.6,逃げ,S,B,1,1,15830,細中　翔太
20250214,71,4,2,4,48,徳島県,A級3班,３　　車身,12.6,差し,,,1,3,13505,住村　　実
20250214,71,4,3,6,58,鹿児島県,A級3班,１／２車身,12.5,,,,1,4,12157,竹野　行登
20250214,71,4,4,3,51,東京都,A級3班,１／２車輪,12.9,,,,3,1,12649,山本恵太郎
20250214,71,4,5,2,52,千葉県,A級3班,１車身１／２,12.5,,,,2,1,13409,青山佐知男
20250214,71,4,6,1,44,岡山県,A級3班,２　　車身,13.2,,,,1,2,14034,鳥丸　晃順
20250214,71,4,7,5,44,埼玉県,A級3班,大差,14.8,,,,3,2,14010,長谷川辰徳
20250214,71,5,1,6,22,熊本県,L級1班,,13.6,捲くり,S,,6,1,15776,高本　美穂
20250214,71,5,2,4,33,青森県,L級1班,１車身１／２,13.5,差し,,,5,1,14925,大和久保美
20250214,71,5,3,2,38,広島県,L級1班,１　　車輪,13.7,,,,3,1,15862,中原　恭恵
20250214,71,5,4,5,29,群馬県,L級1班,微差,13.9,,,B,7,1,15670,萩原　瑞生
20250214,71,5,5,1,22,福岡県,L級1班,３／４車輪,13.8,,,,2,1,15774,金田　舞夏
20250214,71,5,6,3,38,大阪府,L級1班,３／４車輪,13.7,,,,4,1,15226,成田可菜絵
20250214,71,5,7,7,20,香川県,L級1班,１／２車身,13.4,,,,1,1,15864,田野口佳奈
20250214,71,6,1,4,51,神奈川県,A級2班,,12.9,差し,,,1,3,12882,鈴木　愼二
20250214,71,6,2,5,50,沖縄県,A級1班,３／４車輪,12.5,差し,,,3,1,12838,三木　健治
20250214,71,6,3,3,28,広島県,A級2班,３／４車輪,13.0,,S,,2,1,15119,佐伯　辰哉
20250214,71,6,4,7,53,福岡県,A級2班,１／２車輪,12.8,,,,4,1,12479,田中　弘章
20250214,71,6,5,6,40,埼玉県,A級2班,１／８車輪,13.4,,,B,1,1,14226,大畑　裕貴
20250214,71,6,6,1,52,千葉県,A級2班,１　　車輪,12.5,,,,1,4,12876,湯浅　弘光
20250214,71,6,7,2,49,埼玉県,A級2班,大差,15.4,,,,1,2,12955,太田　真一
20250214,71,7,1,4,24,山口県,A級1班,,11.3,捲くり,,,5,1,15483,谷元　奎心
20250214,71,7,2,7,26,福島県,A級2班,２　　車身,12.1,逃げ,,B,2,1,15691,岡部　伶音
20250214,71,7,3,6,38,福岡県,A級2班,３／４車身,11.5,,,,3,1,14335,中園　朋亨
20250214,71,7,4,5,58,栃木県,A級2班,１／２車輪,11.5,,,,2,3,11341,黒崎　直行
20250214,71,7,5,2,50,福岡県,A級2班,２　　車身,11.6,,,,4,1,12992,吉良　勝信
20250214,71,7,6,3,57,岡山県,A級2班,３　　車身,12.5,,,,1,1,11935,高嶋　一朗
20250214,71,7,7,1,45,福島県,A級2班,大差,13.0,,,,2,2,14695,山口　　茂
20250214,71,8,1,4,48,鹿児島県,A級1班,,12.1,捲くり,,,3,1,14788,上吹越俊一
20250214,71,8,2,1,48,徳島県,A級2班,４　　車身,12.6,差し,,,1,2,13506,田村　浩章
20250214,71,8,3,5,38,静岡県,A級1班,１車身１／２,12.4,,,,4,2,14164,田中　孝彦
20250214,71,8,4,7,28,香川県,A級1班,１／２車身,13.0,,S,B,1,1,15233,渋谷　　海
20250214,71,8,5,3,38,千葉県,A級1班,大差,14.7,,,,4,1,14459,根藤　浩二
20250214,71,8,6,6,59,徳島県,A級2班,,,,,,1,3,11427,川口　秀人
20250214,71,8,失,2,44,栃木県,A級1班,,,,,,2,1,13924,阿久津　修
20250214,71,9,1,7,45,福岡県,A級1班,,12.1,差し,,,1,2,13659,高比良　豪
20250214,71,9,2,1,38,青森県,A級1班,１　　車輪,12.0,マーク,S,,1,3,14204,大崎　和也
20250214,71,9,3,5,52,千葉県,A級1班,３／４車身,12.0,,,,2,1,12875,中曽　直彦
20250214,71,9,4,3,26,宮崎県,A級2班,１／４車輪,12.4,,,,1,1,15753,枝村　弘樹
20250214,71,9,5,2,53,岡山県,A級1班,１車身１／２,12.6,,,,3,2,12380,近藤　修康
20250214,71,9,6,4,39,福島県,A級2班,２　　車身,12.6,,,,3,3,14575,鈴木　達也
20250214,71,9,7,6,27,岡山県,A級2班,７　　車身,13.6,,,B,3,1,15371,田上　晃也
20250214,71,10,1,3,25,福島県,A級3班,,12.3,逃げ,,B,3,1,15786,角田　　光
20250214,71,10,2,1,25,埼玉県,A級3班,１／４車輪,12.2,差し,,,2,1,15797,中島　　淳
20250214,71,10,3,5,42,青森県,A級3班,３／４車輪,12.3,,,,3,2,13983,大崎　智久
20250214,71,10,4,2,21,愛媛県,A級3班,１　　車輪,12.1,,,,1,1,15839,船山　真生
20250214,71,10,5,7,53,熊本県,A級3班,３　　車身,12.0,,,,4,2,12550,荒木　真慈
20250214,71,10,6,4,33,鹿児島県,A級3班,１／２車輪,12.3,,,,4,1,15847,寺師　幸成
20250214,71,10,7,6,52,徳島県,A級3班,１／２車身,12.3,,,,1,2,13062,藤原　義浩
20250214,71,11,1,4,45,埼玉県,L級1班,,12.5,差し,,,6,1,15018,高橋　梨香
20250214,71,11,2,1,25,静岡県,L級1班,１　　車輪,12.5,捲くり,,,3,1,15400,久米　　詩
20250214,71,11,3,2,23,愛知県,L級1班,１／８車輪,12.3,,,,2,1,15584,西脇美唯奈
20250214,71,11,4,7,22,三重県,L級1班,１／２車身,12.7,,,B,5,1,15765,竹野　百香
20250214,71,11,5,6,23,兵庫県,L級1班,１／２車身,12.2,,,,7,1,15770,東　　美月
20250214,71,11,6,5,33,東京都,L級1班,１　　車輪,12.5,,,,1,1,14903,増茂るるこ
20250214,71,11,7,3,24,佐賀県,L級1班,１／２車輪,12.2,,,,4,1,15503,田中　月菜
20250214,71,12,1,5,40,福岡県,A級1班,,11.9,差し,,,1,2,14194,桑原　　亮
20250214,71,12,2,3,23,福岡県,A級1班,１／４車輪,12.0,差し,,,1,1,15741,堀川敬太郎
20250214,71,12,3,6,21,静岡県,A級2班,１／４車輪,12.3,,,B,4,1,15713,望月　湧世
20250214,71,12,4,2,39,福島県,A級1班,１／２車輪,11.7,,,,2,1,14136,金澤　竜二
20250214,71,12,5,1,48,山口県,A級1班,１　　車身,11.9,,,,3,2,13354,國村　　洋
20250214,71,12,6,7,27,栃木県,A級1班,１／２車輪,12.0,,,,3,1,15519,小池　千啓
20250214,71,12,7,4,53,愛媛県,A級1班,大差,13.1,,,,4,2,12544,上田　　学
