date,venue_id,race_no,rank,car_no,age,pref,grade,diff,last_time,finishing,s,b,line_id,line_pos,snum,name_kanji
20230321,22,1,1,1,57,東京都,A級3班,,10.0,捲くり,,,1,2,11790,廣川　貞治
20230321,22,1,2,4,55,静岡県,A級3班,３／４車身,9.9,差し,,,2,1,12101,山城　光央
20230321,22,1,3,2,48,宮崎県,A級3班,１車身１／２,10.4,,,B,3,1,13375,五反田豊和
20230321,22,1,4,5,45,広島県,A級3班,１車身１／２,10.4,,,,3,2,14618,兵動　秀治
20230321,22,1,5,3,,,,３／４車身,10.0,,,,1,1,,中山　　健
20230321,22,2,1,4,50,東京都,A級3班,,10.0,捲くり,,,2,1,14661,駒井　大輔
20230321,22,2,2,2,55,東京都,A級3班,１／２車身,10.0,マーク,,,2,2,11994,藤光　健一
20230321,22,2,3,6,48,東京都,A級3班,１車身１／２,10.0,,,,2,3,13460,阿部　博之
20230321,22,2,4,1,,,,４　　車身,10.6,,,,1,2,,丹波　福道
20230321,22,2,5,3,,,,２　　車身,11.0,,S,B,1,1,,薮下　直輝
20230321,22,2,6,5,53,岡山県,A級3班,６　　車身,11.3,,,,1,3,12537,取鳥　敬一
20230321,22,3,1,3,46,福島県,A級3班,,10.0,逃げ,,B,1,1,13531,伊藤　　司
20230321,22,3,2,6,,,,１　　車輪,9.9,マーク,S,,1,2,,佐藤　拓哉
20230321,22,3,3,5,58,静岡県,A級3班,３／４車身,9.9,,,,1,3,11367,石川　一浩
20230321,22,3,4,1,,,,１／２車身,9.8,,,,1,4,,進藤　浩行
20230321,22,3,5,2,,,,１／２車身,9.8,,,,2,1,,鈴木　　浩
20230321,22,3,6,7,61,埼玉県,A級3班,１／２車身,9.8,,,,4,1,10615,高橋　京治
20230321,22,3,7,4,50,山梨県,A級2班,１車身１／２,9.7,,,,3,1,12957,宮澤　　晃
20230321,22,4,1,3,45,千葉県,A級3班,,10.2,捲くり,,,1,1,13847,小林　大能
20230321,22,4,2,2,52,群馬県,A級3班,１／２車身,10.2,差し,,,3,2,12498,赤石　　聡
20230321,22,4,3,1,,,,１　　車身,10.0,,,,2,2,,柴田　　了
20230321,22,4,4,7,50,神奈川県,A級3班,１／２車身,10.3,,S,,1,2,13109,志村　正洋
20230321,22,4,5,4,49,福岡県,A級3班,１／２車身,10.2,,,,2,1,13513,南　　和夫
20230321,22,4,6,6,,,,１／８車輪,9.9,,,,4,1,,塩満　賢治
20230321,22,4,7,5,43,埼玉県,A級2班,２　　車身,10.7,,,B,3,1,14011,細沼　健治
20230321,22,5,1,3,26,神奈川県,L級1班,,10.9,差し,,,2,1,15673,塩田　日海
20230321,22,5,2,6,24,石川県,L級1班,１／８車輪,11.0,逃げ,,B,1,1,15678,小林真矢香
20230321,22,5,3,5,31,栃木県,L級1班,１／２車身,10.9,,,,6,1,15017,青木　美優
20230321,22,5,4,7,25,群馬県,L級1班,３／４車輪,10.9,,,,7,1,15396,神澤　瑛菜
20230321,22,5,5,4,48,埼玉県,L級1班,１／２車輪,10.8,,,,4,1,14897,岡村　育子
20230321,22,5,6,1,35,愛知県,L級1班,１／２車身,11.0,,,,3,1,15147,佐々木恵理
20230321,22,5,7,2,25,福島県,L級1班,３／４車身,10.8,,,,5,1,15394,三森　彩桜
20230321,22,6,1,1,,,,,10.0,逃げ,,B,1,1,,中尾　　翔
20230321,22,6,2,5,45,徳島県,A級3班,１車身１／２,9.9,マーク,,,1,2,13588,齋藤　　仁
20230321,22,6,3,6,48,高知県,A級3班,３／４車身,9.8,,,,1,3,13441,篠原　英雄
20230321,22,6,4,3,40,宮城県,A級1班,１／８車輪,9.7,,,,2,1,14281,寺林　正秋
20230321,22,6,5,2,52,栃木県,A級1班,１車身１／２,9.7,,,,3,2,12861,小坂　敏之
20230321,22,6,6,4,,,,１　　車身,9.7,,,,3,3,,幸田　光博
20230321,22,6,7,7,36,茨城県,A級3班,１／２車身,9.9,,S,,3,1,14443,堀内　　昇
20230321,22,7,1,3,28,香川県,A級1班,,10.2,逃げ,,B,1,1,15233,渋谷　　海
20230321,22,7,2,7,49,徳島県,A級2班,３／４車身,10.2,マーク,,,1,2,13294,木村　　勉
20230321,22,7,3,2,48,大阪府,A級3班,３／４車輪,10.1,,,,3,2,13795,井上　将志
20230321,22,7,3,2,38,福岡県,A級2班,３／４車輪,10.1,,,,3,2,14687,井上　将志
20230321,22,7,3,2,40,兵庫県,A級3班,３／４車輪,10.1,,,,3,2,14841,井上　将志
20230321,22,7,4,6,47,群馬県,A級3班,１車身１／２,10.0,,,,4,1,13549,堀　　勝政
20230321,22,7,5,1,41,北海道,A級2班,１車身１／２,10.2,,,,1,3,14277,山口　慎吾
20230321,22,7,6,5,33,佐賀県,A級3班,３／４車輪,10.5,,S,,3,1,15013,平川慎太郎
20230321,22,7,7,4,39,福島県,A級2班,１／４車輪,10.1,,,,2,1,14575,鈴木　達也
20230321,22,8,1,7,26,佐賀県,A級1班,,9.9,捲くり,,,3,1,15384,天野　純平
20230321,22,8,2,3,39,岡山県,A級1班,２　　車身,10.1,マーク,,,3,2,14181,藤原　悠斗
20230321,22,8,3,4,40,宮城県,A級1班,１　　車身,10.4,,,,1,2,14132,三澤　康人
20230321,22,8,4,2,54,静岡県,A級3班,２　　車身,10.5,,,,2,2,12202,望月裕一郎
20230321,22,8,5,5,50,岡山県,A級2班,３／４車身,10.3,,,,3,3,13056,山本　貴章
20230321,22,8,6,1,43,青森県,A級3班,３／４車身,10.8,,,B,1,1,14124,石田　宏樹
20230321,22,8,7,6,47,神奈川県,A級2班,８　　車身,11.4,,,,2,1,13567,吉原　友彦
20230321,22,9,1,5,34,神奈川県,S級1班,,9.6,捲くり,,,3,1,15049,菅原　大也
20230321,22,9,2,1,42,神奈川県,S級2班,１　　車身,9.6,マーク,,,3,2,14993,副島　和人
20230321,22,9,3,3,43,北海道,A級1班,３／４車身,9.6,,S,,1,1,13980,森田　康嗣
20230321,22,9,4,6,30,東京都,A級1班,１　　車身,9.6,,,,2,1,14991,中島　将尊
20230321,22,9,5,7,38,静岡県,A級2班,２　　車身,9.3,,,,5,1,14243,齊藤　健人
20230321,22,9,6,4,38,静岡県,A級2班,１／２車輪,10.2,,,B,4,1,14303,小川　達也
20230321,22,9,7,2,45,新潟県,A級2班,８　　車身,10.2,,,,2,2,13763,川上真二郎
20230321,22,10,1,7,29,青森県,A級1班,,9.9,逃げ,S,B,2,1,15599,堀　　航輝
20230321,22,10,2,2,35,山形県,A級3班,１／２車身,9.9,マーク,,,2,2,15158,猪野　泰介
20230321,22,10,3,4,26,大分県,S級2班,１　　車身,9.7,,,,3,1,15656,甲斐　俊祐
20230321,22,10,4,3,29,香川県,A級2班,１／４車輪,9.6,,,,3,2,15642,眞砂　英作
20230321,22,10,5,6,48,栃木県,A級3班,５　　車身,9.8,,,,1,3,13678,菊池　崇訓
20230321,22,10,6,5,,,,３／４車輪,10.0,,,,1,2,,戸邉　裕将
20230321,22,10,7,1,39,埼玉県,A級3班,３　　車身,10.1,,,,1,1,15606,近藤　圭佑
20230321,22,11,1,1,32,奈良県,L級1班,,10.4,逃げ,,B,2,1,15312,日野　未来
20230321,22,11,2,3,43,東京都,L級1班,５　　車身,10.3,捲くり,,,6,1,15020,奥井　　迪
20230321,22,11,3,5,44,新潟県,L級1班,３／４車身,10.4,,,,1,1,14905,加瀬加奈子
20230321,22,11,4,2,28,愛知県,L級1班,微差,10.3,,S,,3,1,15308,當銘　直美
20230321,22,11,5,7,45,埼玉県,L級1班,３／４車身,10.3,,,,5,1,15018,高橋　梨香
20230321,22,11,6,4,27,埼玉県,L級1班,１　　車輪,10.5,,,,4,1,15485,青木　美保
20230321,22,11,7,6,38,大阪府,L級1班,１車身１／２,10.2,,,,7,1,15226,成田可菜絵
20230321,22,12,1,7,26,東京都,S級2班,,10.2,差し,,,1,1,15432,水森　湧太
20230321,22,12,2,1,37,埼玉県,S級2班,３／４車輪,10.1,マーク,S,,1,2,14228,片折　亮太
20230321,22,12,3,5,53,埼玉県,S級2班,１　　車身,10.1,,,,1,3,12421,小沼　　良
20230321,22,12,4,6,33,大分県,S級2班,３／４車身,10.6,,,B,2,1,15655,一丸　尚伍
20230321,22,12,5,4,40,茨城県,A級1班,１車身１／２,10.3,,,,1,4,14220,山崎　　悟
20230321,22,12,6,3,46,岡山県,A級1班,４　　車身,10.5,,,,2,3,13493,立花　成泰
20230321,22,12,7,2,40,福岡県,A級1班,５　　車身,11.1,,,,2,2,14194,桑原　　亮
20230321,26,1,1,1,30,広島県,L級1班,,12.8,差し,,,1,1,15406,吉岡　詩織
20230321,26,1,2,2,26,埼玉県,L級1班,１　　車身,12.8,マーク,,,2,1,15671,小泉　夢菜
20230321,26,1,3,3,29,茨城県,L級1班,３／４車身,13.1,,,B,3,1,15395,岩崎ゆみこ
20230321,26,1,4,4,22,茨城県,L級1班,微差,12.7,,,,4,1,15667,戸田　瑞姫
20230321,26,1,5,5,39,静岡県,L級1班,１／２車輪,12.8,,S,,5,1,14967,杉沢毛伊子
20230321,26,1,6,6,44,山梨県,L級1班,２　　車身,12.9,,,,6,1,14904,渡辺ゆかり
20230321,26,2,1,1,25,静岡県,L級1班,,13.0,逃げ,,B,1,1,15400,久米　　詩
20230321,26,2,2,3,25,長崎県,L級1班,１／２車身,13.0,マーク,,,3,1,15408,高尾貴美歌
20230321,26,2,3,2,27,東京都,L級1班,３／４車身,12.4,,,,2,1,15486,岡本　二菜
20230321,26,2,4,5,29,福島県,L級1班,３／４車身,12.4,,S,,5,1,15134,藤巻絵里佳
20230321,26,2,5,4,35,神奈川県,L級1班,１　　車輪,12.3,,,,4,1,14959,奈良岡彩子
20230321,26,2,6,7,28,静岡県,L級1班,１／２車身,12.2,,,,7,1,15675,渡邉　栞奈
20230321,26,2,7,6,25,東京都,L級1班,２　　車身,12.3,,,,6,1,15393,佐々木　綾
20230321,26,3,1,4,41,東京都,A級2班,,12.7,逃げ,,B,3,1,14366,阿久津浩之
20230321,26,3,2,6,42,埼玉県,A級2班,３／４車身,12.5,差し,,,3,3,14227,緒方　　剛
20230321,26,3,3,5,42,埼玉県,A級2班,タイヤ差,12.6,,,,3,2,14069,渡邊　政幸
20230321,26,3,4,3,58,栃木県,A級2班,タイヤ差,12.1,,,,2,2,11341,黒崎　直行
20230321,26,3,5,2,53,岩手県,A級2班,１車身１／２,12.1,,,,1,2,13086,坂本　　毅
20230321,26,3,6,1,34,宮城県,S級2班,１車身１／２,12.2,,S,,1,1,14645,三浦　翔大
20230321,26,3,7,7,30,千葉県,A級2班,１／４車輪,12.6,,,,2,1,15045,大関　祐也
20230321,26,4,1,3,34,三重県,A級2班,,12.3,差し,,,3,1,15360,勝谷　勝治
20230321,26,4,2,1,50,宮城県,A級1班,３／４車身,11.9,捲くり,S,,1,1,13233,小松　剛之
20230321,26,4,3,4,46,埼玉県,A級2班,３／４車身,12.6,,,,2,2,13761,新井　剛央
20230321,26,4,4,7,38,宮城県,A級3班,１　　車輪,11.9,,,,1,2,14209,加美山隆行
20230321,26,4,5,5,53,愛知県,A級3班,３／４車輪,12.5,,,,3,2,12593,山田　圭二
20230321,26,4,6,2,34,埼玉県,A級2班,３／４車身,13.0,,,B,2,1,14658,馬場　和広
20230321,26,4,7,6,41,長野県,A級3班,１車身１／２,12.5,,,,4,1,14667,藤本　龍也
20230321,26,5,1,7,38,青森県,A級2班,,12.0,差し,,,3,2,14278,白川　将太
20230321,26,5,2,4,45,神奈川県,A級2班,タイヤ差,11.9,マーク,S,,1,1,14021,森川　　剛
20230321,26,5,3,5,38,福島県,A級2班,１／２車輪,12.1,,,B,3,1,14989,鈴木　　豪
20230321,26,5,4,3,50,福井県,A級1班,３／４車身,11.8,,,,2,1,13201,北川　紋部
20230321,26,5,5,6,47,京都府,A級2班,３／４車身,11.7,,,,4,1,13581,薮　　謙治
20230321,26,5,6,1,55,神奈川県,A級2班,３／４車身,11.5,,,,1,2,12092,高木　隆弘
20230321,26,5,7,2,57,福井県,A級3班,１／２車身,11.7,,,,2,2,11821,中川　博文
20230321,26,6,1,1,58,愛知県,A級2班,,12.5,差し,S,,1,2,11382,清水　広幸
20230321,26,6,2,4,42,兵庫県,A級1班,１／２車身,12.4,マーク,,,1,3,14402,泉谷　直哉
20230321,26,6,3,5,48,埼玉県,A級1班,１／４車輪,12.2,,,,3,3,13172,金子周一郎
20230321,26,6,4,2,44,三重県,A級2班,１／４車輪,12.7,,,B,1,1,13952,東　　鉄也
20230321,26,6,5,6,53,兵庫県,A級3班,１車身１／２,12.5,,,,2,1,12530,池上　孝之
20230321,26,6,6,3,35,千葉県,A級1班,３／４車身,12.6,,,,3,2,14818,田口　裕一
20230321,26,6,7,7,50,静岡県,A級2班,大差,14.7,,,,3,1,12883,大沼　孝行
20230321,26,7,1,2,37,東京都,A級1班,,11.8,差し,,,1,2,14452,長井　優斗
20230321,26,7,2,1,29,東京都,A級1班,１／２車輪,12.1,逃げ,S,B,1,1,15251,柿本　大貴
20230321,26,7,3,3,38,神奈川県,A級2班,３／４車輪,11.6,,,,2,2,14242,亀谷　隆一
20230321,26,7,4,7,28,静岡県,A級2班,１　　車身,11.8,,,,2,1,15264,渡邉　直弥
20230321,26,7,5,6,48,千葉県,A級2班,１／２車身,11.5,,,,2,3,13413,鶴岡　與之
20230321,26,7,6,4,48,愛知県,A級1班,２　　車身,11.6,,,,3,2,13263,田中　雅史
20230321,26,7,7,5,46,京都府,A級1班,２　　車身,12.2,,,,3,1,14315,西谷　岳文
20230321,26,8,1,1,36,千葉県,S級2班,,12.2,逃げ,S,B,1,1,14460,矢口　大樹
20230321,26,8,2,3,24,愛知県,A級1班,１／２車身,12.0,捲くり,,,2,1,15536,疋田　力也
20230321,26,8,3,5,31,福島県,A級1班,１／８車輪,12.1,,,,3,1,15331,宇佐見優介
20230321,26,8,4,6,53,福島県,A級2班,１／２車輪,12.0,,,,3,2,12937,十文字菊雄
20230321,26,8,5,2,41,兵庫県,A級2班,３／４車身,12.0,,,,2,2,14193,玉手　　翔
20230321,26,8,6,7,53,静岡県,A級2班,３／４車輪,12.0,,,,1,3,13039,松山　正和
20230321,26,8,7,4,37,神奈川県,A級2班,大差,13.4,,,,1,2,14300,上野　真吾
20230321,26,9,1,1,36,兵庫県,A級1班,,11.8,逃げ,,B,1,1,14949,石口　慶多
20230321,26,9,2,4,47,岐阜県,S級2班,３／４車輪,11.7,マーク,,,1,2,13267,鷲見　逸喜
20230321,26,9,3,7,38,宮城県,A級3班,１／２車身,11.6,,,,3,3,14432,相澤　恵一
20230321,26,9,4,5,35,岐阜県,A級1班,１　　車輪,11.5,,S,,1,3,14597,上田　　隼
20230321,26,9,5,3,39,福島県,A級1班,１／２車輪,11.7,,,,3,2,14135,金澤　幸司
20230321,26,9,6,6,41,新潟県,A級3班,３　　車身,11.6,,,,2,1,14295,山崎　寛巳
20230321,26,9,7,2,23,福島県,S級2班,３　　車身,12.4,,,,3,1,15595,邊見　光輝
20230321,38,1,1,2,41,神奈川県,A級3班,,12.3,逃げ,,B,2,1,15260,國井　裕樹
20230321,38,1,2,3,,,,３　　車身,12.4,マーク,,,2,3,,晴山　裕之
20230321,38,1,3,7,54,茨城県,A級3班,１／２車身,12.1,,,,2,4,12556,落合　　豊
20230321,38,1,4,4,57,北海道,A級3班,１　　車輪,12.3,,,,1,2,12063,椿　　佳友
20230321,38,1,5,1,39,福島県,A級3班,４　　車身,12.8,,S,,1,1,14218,邊見　　斎
20230321,38,1,失,5,,,,,,,,,2,2,,出口　眞浩
20230321,38,1,欠,6,49,宮城県,A級3班,,,,,,1,3,13605,白木　正彦
20230321,38,2,1,3,31,熊本県,A級3班,,12.2,捲くり,,B,1,1,15571,吉田　　悟
20230321,38,2,2,7,,,,３　　車身,12.3,差し,,,2,2,,小酒　大司
20230321,38,2,3,5,46,新潟県,A級3班,１／２車輪,12.3,,,,2,3,13692,佐野多喜男
20230321,38,2,4,4,39,北海道,A級3班,１／２車輪,12.5,,,,2,1,14202,島田　茂希
20230321,38,2,5,2,,,,１／２車輪,12.2,,,,2,4,,菊地　大輔
20230321,38,2,6,6,,,,２　　車身,12.4,,,,1,3,,渋谷　征広
20230321,38,2,7,1,,,,３／４車輪,12.5,,S,,1,2,,鈴木　　純
20230321,38,3,1,3,29,茨城県,A級2班,,12.4,逃げ,S,B,1,1,15603,小坂　　丈
20230321,38,3,2,5,45,静岡県,A級2班,３／４車身,12.3,捲くり,,,3,1,14387,佐野　恭太
20230321,38,3,3,4,41,群馬県,A級3班,１／４車輪,12.4,,,,1,2,14006,青木　亮太
20230321,38,3,4,1,46,千葉県,A級3班,１　　車輪,12.1,,,,3,3,14381,吉澤　　賢
20230321,38,3,5,6,,,,１／２車輪,12.2,,,,3,2,,岡崎　泰士
20230321,38,3,6,7,48,群馬県,A級3班,１／８車輪,12.3,,,,1,3,13456,小林　和彦
20230321,38,3,7,2,37,宮崎県,A級3班,１車身１／２,12.3,,,,2,1,14855,東　　隆之
20230321,38,4,1,5,24,熊本県,A級1班,,11.6,捲くり,,,3,1,15660,河崎　正晴
20230321,38,4,2,4,23,東京都,A級1班,３　　車身,12.0,逃げ,S,B,1,1,15610,永井　哉多
20230321,38,4,3,1,57,栃木県,A級3班,１車身１／２,12.0,,,,1,2,11574,坂本　英一
20230321,38,4,4,3,61,山口県,A級3班,１　　車身,11.8,,,,3,3,10920,村上　清隆
20230321,38,4,5,2,36,北海道,A級3班,１／４車輪,12.0,,,,2,1,14424,大澤　哉太
20230321,38,4,6,7,46,徳島県,A級3班,１車身１／２,12.1,,,,3,2,13964,高田　大輔
20230321,38,4,6,7,35,岡山県,A級2班,１車身１／２,12.1,,,,3,2,14693,高田　大輔
20230321,38,4,7,6,35,福島県,A級3班,微差,12.0,,,,2,2,14719,佐川　拓也
20230321,38,5,1,3,23,岩手県,A級1班,,11.7,捲くり,S,,1,1,15600,照井　力斗
20230321,38,5,2,5,60,北海道,A級2班,１車身１／２,11.5,差し,,,1,2,11454,杉浦　康一
20230321,38,5,3,4,50,栃木県,A級3班,３／４車身,11.7,,,,4,1,12862,松岡　慶彦
20230321,38,5,4,7,32,千葉県,A級2班,１／４車輪,12.2,,,B,3,1,15166,内田　　淳
20230321,38,5,5,2,,,,２　　車身,12.4,,,,3,2,,海野　　晃
20230321,38,5,6,6,,,,４　　車身,12.0,,,,1,3,,吉田　雄三
20230321,38,5,7,1,36,熊本県,A級3班,大差,,,,,2,1,14853,中山敬太郎
20230321,38,6,1,1,40,神奈川県,L級1班,,12.5,捲くり,,B,4,1,15070,尾崎　　睦
20230321,38,6,2,7,25,埼玉県,L級1班,１／２車身,12.2,差し,,,6,1,15398,藤田まりあ
20230321,38,6,3,3,30,東京都,L級1班,タイヤ差,12.4,,,,3,1,15140,鈴木　彩夏
20230321,38,6,4,6,40,千葉県,L級1班,１　　車身,12.5,,S,,1,1,14910,篠崎　新純
20230321,38,6,5,4,,,,１／８車輪,12.6,,,,5,1,,山口　真未
20230321,38,6,6,2,30,長崎県,L級1班,１車身１／２,12.5,,,,2,1,15074,島田　優里
20230321,38,6,7,5,27,愛知県,L級1班,１車身１／２,12.5,,,,7,1,15307,田中　千尋
20230321,38,7,1,2,27,愛知県,L級1班,,12.1,捲くり,,B,5,1,15225,坂口　楓華
20230321,38,7,2,4,24,三重県,L級1班,１車身１／２,12.2,捲くり,,,4,1,15586,太田　瑛美
20230321,38,7,3,1,26,静岡県,L級1班,１車身１／２,12.3,,,,2,1,15674,野寺　　楓
20230321,38,7,4,5,28,愛知県,L級1班,１／４車輪,12.2,,,,6,1,15149,中野　　咲
20230321,38,7,5,3,27,埼玉県,L級1班,２　　車身,12.4,,,,3,1,15579,川路　遥香
20230321,38,7,6,6,44,新潟県,L級1班,５　　車身,12.5,,,,7,1,14908,藤原亜衣里
20230321,38,7,7,7,39,青森県,L級1班,４　　車身,13.2,,S,,1,1,15216,加藤　　恵
20230321,38,8,1,2,38,群馬県,A級2班,,11.8,捲くり,,,2,1,14369,中川　拓也
20230321,38,8,2,7,37,神奈川県,A級2班,３／４車身,12.3,差し,,,1,2,14522,高橋　佑輔
20230321,38,8,3,4,38,東京都,A級1班,微差,11.8,,,,2,2,14586,近藤　寛央
20230321,38,8,4,1,46,青森県,A級2班,１　　車身,12.5,,S,B,1,1,13668,佐々木孝司
20230321,38,8,5,6,45,静岡県,A級3班,１／２車輪,12.3,,,,1,3,13713,丸山　勝也
20230321,38,8,6,3,36,大分県,A級1班,３／４車身,12.1,,,,3,1,14494,山崎　　翼
20230321,38,8,7,5,50,福岡県,A級2班,３／４車輪,12.1,,,,3,2,13069,白川　有司
20230321,38,9,1,1,42,福岡県,A級1班,,12.6,差し,,,1,2,13971,内山　　拓
20230321,38,9,2,2,52,茨城県,A級2班,１　　車身,12.6,マーク,,,2,4,13013,武田　靖夫
20230321,38,9,3,6,42,青森県,A級3班,１／２車輪,12.9,,,,2,2,13983,大崎　智久
20230321,38,9,4,5,32,大分県,A級1班,３／４車身,13.1,,S,B,1,1,15131,池部　壮太
20230321,38,9,5,7,54,山梨県,A級2班,１　　車輪,12.7,,,,2,3,12809,高峰　賢治
20230321,38,9,6,4,46,徳島県,A級3班,３　　車身,12.8,,,,1,3,13591,山本　宏明
20230321,38,9,7,3,28,青森県,A級3班,３／４車身,12.7,,,,2,1,15506,佐藤　啓斗
20230321,38,10,1,5,27,愛媛県,S級2班,,12.0,捲くり,,B,2,1,15204,吉田　智哉
20230321,38,10,2,7,47,千葉県,S級2班,３／４車輪,11.4,差し,,,3,2,13765,海老根恵太
20230321,38,10,3,6,38,岡山県,A級1班,２　　車身,12.0,,,,2,2,14321,石坂　永伍
20230321,38,10,4,4,37,東京都,S級2班,２　　車身,12.2,,,,1,1,15250,今井　　聡
20230321,38,10,5,2,,,,大差,,,,,2,3,,丹波　靖貴
20230321,38,10,失,1,35,埼玉県,S級2班,,,,S,,1,2,14729,高橋　昇平
20230321,38,10,落,3,38,千葉県,A級1班,,,,,,3,1,14710,花田　将司
20230321,38,11,1,5,46,青森県,S級2班,,11.8,捲くり,,B,3,2,13670,小橋　秀幸
20230321,38,11,2,1,46,静岡県,A級1班,１／２車輪,11.7,差し,S,,1,2,13416,飯尾　主税
20230321,38,11,3,7,55,神奈川県,A級2班,１車身１／２,11.7,,,,1,3,12193,井手　尚治
20230321,38,11,4,4,42,静岡県,A級1班,１／２車身,11.9,,,,1,1,14527,飯田　憲司
20230321,38,11,5,2,46,福岡県,A級1班,１　　車輪,11.7,,,,2,2,13810,良永　浩一
20230321,38,11,6,6,33,長崎県,A級2班,４　　車身,12.1,,,,2,1,15238,井寺　亮太
20230321,38,11,7,3,39,青森県,A級2班,９　　車身,13.2,,,,3,1,14126,高谷　敏史
20230321,38,12,1,1,26,愛媛県,S級2班,,11.5,逃げ,S,B,1,1,15647,真鍋　智寛
20230321,38,12,2,5,31,岡山県,S級2班,１　　車身,11.4,マーク,,,1,2,15202,今野　大輔
20230321,38,12,3,3,45,群馬県,S級2班,３　　車身,11.3,,,,3,1,13618,櫻井　　学
20230321,38,12,4,7,47,埼玉県,A級1班,１車身１／２,11.3,,,,3,2,13551,女屋　文伸
20230321,38,12,5,2,48,熊本県,A級2班,５　　車身,11.8,,,,2,2,13520,高木　竜司
20230321,38,12,6,6,30,長崎県,A級1班,３／４車輪,12.0,,,,2,1,15212,山口　龍也
20230321,38,12,7,4,47,岡山県,A級2班,１車身１／２,12.1,,,,1,3,13349,三宅　　旬
20230321,44,1,1,1,51,岡山県,A級3班,,12.2,差し,S,,1,2,12982,上原　直樹
20230321,44,1,2,3,43,岡山県,A級2班,１／４車輪,12.3,逃げ,,B,1,1,14880,野見　泰要
20230321,44,1,3,2,53,香川県,A級3班,１　　車身,12.2,,,,1,3,12472,大山　泰伸
20230321,44,1,4,5,,,,１　　車身,12.2,,,,3,1,,河野　克也
20230321,44,1,5,6,49,愛知県,A級3班,１車身１／２,12.2,,,,4,1,13261,柴田　昌樹
20230321,44,1,6,4,,,,５　　車身,13.0,,,,2,1,,中村　光吉
20230321,44,2,1,3,39,岡山県,A級2班,,12.2,差し,,,1,2,14407,森　　佑樹
20230321,44,2,2,6,,,,１／２車身,11.9,差し,,,3,1,,辻本　兼市
20230321,44,2,3,2,26,岡山県,A級3班,３／４車身,12.5,,S,B,1,1,15636,合地　登汰
20230321,44,2,4,1,,,,タイヤ差,11.9,,,,1,3,,平坂　典也
20230321,44,2,5,7,42,大阪府,A級3班,１／４車輪,12.1,,,,4,1,14763,林　　修平
20230321,44,2,6,5,,,,２　　車身,11.8,,,,2,2,,江口　晃正
20230321,44,2,7,4,,,,３／４車輪,11.9,,,,2,1,,竹元　太志
20230321,44,3,1,4,36,兵庫県,A級2班,,12.5,逃げ,,B,3,1,15190,大中　拓磨
20230321,44,3,2,6,43,愛知県,A級3班,タイヤ差,12.3,捲くり,,,1,1,13861,岡田　大門
20230321,44,3,3,5,40,大阪府,A級3班,１／２車輪,12.1,,S,,2,2,14760,岡嶋　　登
20230321,44,3,4,1,38,岐阜県,A級2班,１／２車輪,12.2,,,,1,2,14392,北村　　篤
20230321,44,3,5,3,53,京都府,A級2班,１　　車身,12.5,,,,3,2,12602,吉村　文隆
20230321,44,3,6,2,36,大阪府,A級3班,１／８車輪,12.3,,,,2,1,15188,浜田　翔平
20230321,44,3,7,7,,,,大差,12.6,,,,2,3,,辻本　達矢
20230321,44,4,1,1,26,福井県,S級2班,,11.6,逃げ,S,B,1,1,15629,岸田　　剛
20230321,44,4,2,2,37,京都府,A級2班,３　　車身,11.7,マーク,,,1,2,14603,佐野　洋継
20230321,44,4,3,4,25,宮崎県,A級1班,１　　車輪,11.7,,,,3,1,15665,福田　　要
20230321,44,4,4,3,38,佐賀県,A級2班,２　　車身,11.8,,,,2,1,15209,中野　真吾
20230321,44,4,5,6,57,福岡県,A級3班,２　　車身,11.9,,,,3,2,11655,安藤　雄一
20230321,44,4,6,5,42,愛知県,A級3班,３／４車身,11.8,,,,1,3,14171,深見　仁哉
20230321,44,4,7,7,33,長崎県,A級3班,大差,12.5,,,,2,2,14957,永田　秀佑
20230321,44,5,1,1,46,山口県,A級2班,,12.0,差し,S,,1,2,13652,隅　　直幸
20230321,44,5,2,3,52,愛媛県,A級2班,１　　車輪,11.9,マーク,,,1,3,12845,林　　成人
20230321,44,5,3,4,37,岡山県,A級2班,３／４車輪,12.2,,,B,1,1,14615,藤原　亮太
20230321,44,5,4,2,40,大分県,A級2班,１／４車輪,11.8,,,,2,1,14272,松田　直也
20230321,44,5,5,5,41,福岡県,A級2班,１／２車身,11.8,,,,2,2,14042,徳吉　正治
20230321,44,6,1,1,44,兵庫県,A級2班,,12.5,差し,S,,1,2,14102,篠塚　光一
20230321,44,6,2,4,45,岡山県,A級2班,１／４車輪,12.7,差し,,,3,2,13647,光畑　政志
20230321,44,6,3,6,41,愛知県,A級3班,１／２車身,12.7,,,,1,1,14027,臼井　昌巨
20230321,44,6,4,5,57,兵庫県,A級3班,３／４車輪,12.4,,,,1,3,11715,黒木　誠一
20230321,44,6,5,2,40,大分県,A級2班,１　　車身,12.4,,,,2,1,14418,安部　龍文
20230321,44,6,6,3,37,愛媛県,A級2班,３／４車輪,13.1,,,B,3,1,14887,板崎　佑矢
20230321,44,7,1,2,25,福井県,A級1班,,11.7,逃げ,,B,1,1,15361,高田　修汰
20230321,44,7,2,1,41,大阪府,A級1班,１／２車身,11.6,マーク,,,1,2,14180,坂本　匡洋
20230321,44,7,3,4,47,岐阜県,A級1班,１／８車輪,11.4,,,,3,2,13479,田中　秀治
20230321,44,7,4,5,55,佐賀県,A級1班,１　　車身,11.4,,,,2,2,12326,國武　耕二
20230321,44,7,5,6,29,岐阜県,A級2班,１／２車輪,11.6,,,,3,1,15357,藤井　稜也
20230321,44,7,6,7,50,長崎県,A級2班,２　　車身,11.4,,,,2,3,13147,米嶋　賢二
20230321,44,7,7,3,35,大分県,A級1班,２　　車身,12.0,,,,2,1,14630,利根　正明
20230321,44,8,1,1,50,富山県,A級1班,,11.8,差し,,,1,2,13482,松崎　貴久
20230321,44,8,2,4,27,岐阜県,A級1班,３／４車身,12.0,逃げ,,B,1,1,15177,森川　康輔
20230321,44,8,3,5,40,三重県,A級1班,タイヤ差,11.7,,,,1,3,14166,倉野隆太郎
20230321,44,8,4,2,27,愛媛県,S級2班,１車身１／２,11.7,,,,2,1,15554,近藤　翔馬
20230321,44,8,5,3,53,岡山県,A級1班,３／４車身,11.7,,,,2,2,12380,近藤　修康
20230321,44,8,6,6,44,熊本県,A級3班,１　　車身,11.9,,,,3,2,14120,永田　修一
20230321,44,8,7,7,37,福岡県,A級2班,６　　車身,12.7,,,,3,1,14415,楢原　由将
20230321,44,9,1,2,28,岡山県,S級2班,,11.3,捲くり,,B,1,1,15463,畝木　　聖
20230321,44,9,2,1,48,山口県,A級1班,１　　車身,11.3,マーク,S,,1,2,13354,國村　　洋
20230321,44,9,3,3,47,石川県,S級2班,４　　車身,11.7,,,,2,2,13335,坂上　樹大
20230321,44,9,4,4,36,福岡県,A級1班,１／２車輪,11.3,,,,3,1,15012,勝部　貴博
20230321,44,9,5,6,35,愛知県,A級2班,タイヤ差,11.8,,,,2,1,14997,下岡　優季
20230321,44,9,6,7,54,香川県,A級2班,１　　車身,11.1,,,,1,3,12473,清水　邦章
20230321,44,9,7,5,45,宮崎県,S級2班,タイヤ差,11.3,,,,3,2,13667,田中　洋輔
20230321,56,1,1,4,42,大阪府,A級3班,,12.5,捲くり,,,3,2,14256,舟元　権造
20230321,56,1,2,1,,,,１／２車身,12.4,マーク,S,,3,3,,山田二三補
20230321,56,1,3,5,43,岩手県,A級3班,３／４車身,12.4,,,,1,1,14643,菅原　洋輔
20230321,56,1,4,3,44,宮城県,A級3班,２　　車身,12.5,,,,1,2,13753,阿部　　晃
20230321,56,1,落,2,45,栃木県,A級3班,,,,,,1,3,13926,早坂　道義
20230321,56,1,落,6,,,,,,,,B,3,1,,大松　純二
20230321,56,1,落,7,,,,,,,,,2,1,,橋口　　琢
20230321,56,2,1,2,36,長野県,A級3班,,12.5,逃げ,S,B,2,1,14694,前島　恭平
20230321,56,2,2,5,48,新潟県,A級3班,１／４車輪,12.4,マーク,,,2,2,13320,村上　順規
20230321,56,2,3,3,,,,３／４車輪,12.1,,,,3,1,,高田　隼人
20230321,56,2,4,4,50,群馬県,A級3班,１　　車輪,12.3,,,,2,3,13402,沼川　夢久
20230321,56,2,5,7,,,,１／８車輪,12.0,,,,3,2,,北村　匡章
20230321,56,2,6,1,,,,１　　車身,11.9,,,,1,1,,川西　貴之
20230321,56,2,7,6,47,三重県,A級3班,１　　車身,11.9,,,,1,2,13269,田島　高志
20230321,56,3,1,4,43,静岡県,A級2班,,12.0,差し,,,2,1,14389,村本　慎吾
20230321,56,3,2,3,28,和歌山県,A級3班,３／４車輪,12.1,逃げ,,B,1,1,15111,布居　　翼
20230321,56,3,3,2,50,福島県,A級3班,３／４車輪,11.5,,,,3,2,12938,鈴木　規純
20230321,56,3,4,5,45,三重県,A級3班,１／８車輪,11.9,,,,1,2,13953,坂元　洋行
20230321,56,3,5,1,37,新潟県,A級3班,１　　車輪,11.8,,S,,1,3,14376,保科　圭太
20230321,56,3,6,7,51,東京都,A級3班,３／４車身,11.5,,,,3,3,13244,小林　高志
20230321,56,3,7,6,39,福島県,A級3班,３　　車身,12.1,,,,3,1,14503,真船　拓磨
20230321,56,4,1,4,42,山梨県,A級2班,,11.9,捲くり,,,1,1,14153,伊藤　太一
20230321,56,4,2,5,50,茨城県,A級3班,１　　車輪,11.8,マーク,,,1,2,13610,土屋　　仁
20230321,56,4,3,3,54,大阪府,A級3班,１車身１／２,12.1,,,,3,2,12444,垣外中勝哉
20230321,56,4,4,2,45,神奈川県,A級2班,２　　車身,12.1,,,,2,1,14669,植木　和広
20230321,56,4,5,6,46,大阪府,A級3班,１　　車身,12.3,,S,,3,3,13796,陶器　一馬
20230321,56,4,6,1,33,和歌山県,A級2班,３　　車身,12.8,,,B,3,1,15110,小出　慎也
20230321,56,5,1,3,36,埼玉県,A級3班,,12.0,捲くり,,,2,1,14992,楠野　史尭
20230321,56,5,2,1,47,宮城県,A級2班,１車身１／２,11.9,差し,S,,1,3,13385,鎌田　　聡
20230321,56,5,3,5,38,北海道,A級1班,３／４車輪,12.1,,,,1,2,14347,外崎　一成
20230321,56,5,4,6,54,神奈川県,A級2班,１　　車身,12.0,,,,3,1,12878,安藤　宜明
20230321,56,5,5,7,36,福島県,A級2班,３／４車身,12.4,,,B,1,1,15241,山田　祐太
20230321,56,5,6,4,,,,３／４車身,12.1,,,,2,2,,渡邉　藤男
20230321,56,5,7,2,49,千葉県,A級3班,３／４車身,12.1,,,,2,3,13029,藤田　晃英
20230321,56,6,1,2,47,滋賀県,A級2班,,11.7,捲くり,,B,1,1,13485,善利　裕生
20230321,56,6,2,4,36,福井県,A級2班,３／４車身,11.6,マーク,,,1,2,14755,奥出健士郎
20230321,56,6,3,7,51,東京都,A級3班,１／２車身,11.7,,,,3,2,12649,山本恵太郎
20230321,56,6,4,5,55,岐阜県,A級2班,２　　車身,11.8,,,,1,3,12112,冨岡　健一
20230321,56,6,5,1,44,福島県,A級2班,３／４車輪,11.8,,,,4,1,13914,小谷田公則
20230321,56,6,6,6,53,静岡県,A級3班,４　　車身,12.1,,,,2,1,12514,海野　敦男
20230321,56,6,7,3,25,栃木県,A級3班,３／４車身,12.5,,,,3,1,15425,藤野　竜也
20230321,56,7,1,2,28,東京都,S級2班,,11.9,逃げ,S,B,1,1,15611,長谷川飛向
20230321,56,7,2,3,28,神奈川県,A級1班,１／８車輪,11.7,マーク,,,3,1,15618,高本　和也
20230321,56,7,3,1,42,大阪府,A級3班,３／４車身,11.7,,,,2,1,14101,永橋　武司
20230321,56,7,4,4,48,千葉県,A級3班,１車身１／２,11.7,,,,3,2,14739,里見　恒平
20230321,56,7,5,7,40,青森県,A級3班,３／４車身,11.9,,,,1,2,14430,橋本　祐司
20230321,56,7,6,6,57,千葉県,A級3班,１　　車身,11.7,,,,3,4,11599,和泉田喜一
20230321,56,7,7,5,,,,１　　車輪,11.8,,,,3,3,,小林　　覚
20230321,56,8,1,5,42,静岡県,A級1班,,11.9,差し,,,2,2,14024,櫻井　　丈
20230321,56,8,2,1,36,千葉県,A級1班,１／８車輪,12.0,逃げ,S,B,2,1,14591,本多　哲也
20230321,56,8,3,4,48,神奈川県,A級1班,３／４車身,11.8,,,,2,3,13253,柴田功一郎
20230321,56,8,4,3,35,埼玉県,A級1班,１車身１／２,11.7,,,,3,2,14581,佐山　俊樹
20230321,56,8,5,7,38,茨城県,A級2班,１／８車輪,11.8,,,,3,1,14805,吉田　元輝
20230321,56,8,6,2,48,兵庫県,A級3班,１／２車身,11.7,,,,1,2,13345,中村美千隆
20230321,56,8,7,6,44,兵庫県,A級3班,９　　車身,12.7,,,,1,1,14033,藤縄　洋介
20230321,56,9,1,3,37,愛知県,A級2班,,11.9,捲くり,,,3,1,14999,水谷　将司
20230321,56,9,2,2,30,大阪府,S級2班,１／８車輪,11.6,差し,,,1,1,15115,堀　　僚介
20230321,56,9,3,4,51,滋賀県,A級1班,３／４車身,11.6,,S,,1,2,12899,中井　　護
20230321,56,9,4,7,49,愛知県,A級1班,１　　車輪,11.9,,,,3,2,13041,三浦　稔希
20230321,56,9,5,6,53,静岡県,A級3班,３　　車身,12.3,,,,2,3,12966,石川　英昭
20230321,56,9,6,5,49,千葉県,A級2班,１　　車輪,12.5,,,B,2,1,14737,河上　陽一
20230321,56,9,失,1,48,神奈川県,A級1班,,,,,,2,2,13469,野村　純宏
20230321,56,10,1,7,39,山形県,A級2班,,12.1,差し,,,3,2,14572,赤塚　悠人
20230321,56,10,2,5,44,群馬県,A級2班,１　　車輪,12.0,マーク,,,3,3,13929,宮内　善光
20230321,56,10,3,1,42,大阪府,A級1班,１／２車身,12.0,,,,1,1,14096,伊藤　成紀
20230321,56,10,4,3,54,富山県,A級2班,微差,11.7,,,,1,3,12598,大庭　正紀
20230321,56,10,5,6,35,千葉県,A級2班,３／４車輪,12.0,,,,2,1,14821,原岡泰志郎
20230321,56,10,6,2,42,宮城県,A級3班,３／４車身,12.5,,S,B,3,1,13908,菅田　和宏
20230321,56,10,7,4,46,兵庫県,A級2班,１　　車身,12.1,,,,1,2,13645,川木　敬大
20230321,56,11,1,2,32,石川県,A級1班,,11.7,捲くり,S,,1,1,15182,吉川　希望
20230321,56,11,2,5,22,愛知県,S級1班,１車身１／２,11.6,差し,,,4,1,15620,纐纈　洸翔
20230321,56,11,3,7,47,岐阜県,A級1班,１／８車輪,11.8,,,,1,2,13332,吉村　和之
20230321,56,11,4,3,37,愛知県,A級1班,１　　車身,11.6,,,,4,2,15266,福田　真平
20230321,56,11,5,1,41,北海道,A級1班,１　　車身,12.0,,,,2,2,13901,山田　敦也
20230321,56,11,6,4,44,茨城県,S級2班,１／８車輪,11.9,,,,3,1,14004,松永　　将
20230321,56,11,7,6,41,福島県,A級2班,大差,13.2,,,B,2,1,14438,緑川　修平
20230321,74,1,1,4,43,福岡県,A級2班,,15.3,差し,,,2,1,14265,松永　真太
20230321,74,1,2,2,35,香川県,A級2班,２　　車身,15.9,逃げ,,B,3,1,14872,玉村　元気
20230321,74,1,3,5,59,奈良県,A級3班,３／４車輪,15.5,,S,,1,2,11519,大井　啓世
20230321,74,1,4,6,51,徳島県,A級3班,１／２車輪,15.9,,,,3,2,12986,近藤　直幹
20230321,74,1,5,3,51,福岡県,A級3班,１　　車輪,15.8,,,,3,3,12847,古閑　良介
20230321,74,1,6,1,33,愛知県,A級2班,６　　車身,16.7,,,,1,1,14829,桜井　雄太
20230321,74,2,1,7,50,岡山県,A級1班,,15.0,差し,,,3,2,13494,土井　　勲
20230321,74,2,2,3,38,香川県,A級2班,１／２車輪,15.2,捲くり,S,,3,1,14619,木村　浩宣
20230321,74,2,3,2,36,兵庫県,A級2班,１　　車輪,15.9,,,B,2,1,15635,藤岡　徹也
20230321,74,2,4,6,,,,１／８車輪,15.7,,,,2,2,,板橋　常晶
20230321,74,2,5,5,43,大分県,A級2班,１　　車輪,15.5,,,,1,2,13817,吉川　裕二
20230321,74,2,6,4,49,広島県,A級2班,１　　車輪,15.0,,,,3,3,13434,石黒　　健
20230321,74,2,7,1,47,福岡県,A級2班,３　　車身,15.9,,,,1,1,14416,矢田　　晋
20230321,74,3,1,6,,,,,15.1,差し,S,,2,2,,大瀬戸潤一
20230321,74,3,2,2,24,岡山県,A級1班,３／４車輪,15.3,逃げ,,B,2,1,15545,橋本　凌汰
20230321,74,3,3,5,49,広島県,A級2班,１／８車輪,15.0,,,,2,3,13216,古城　英之
20230321,74,3,4,3,48,滋賀県,A級1班,３／４車身,15.0,,,,3,1,13641,竹内　一暢
20230321,74,3,5,1,31,宮崎県,S級2班,１／２車輪,15.0,,,,1,1,14929,小酒　大勇
20230321,74,3,6,7,46,鹿児島県,A級1班,３／４車身,14.9,,,,1,2,14789,茅野　寛史
20230321,74,3,7,4,55,兵庫県,A級3班,１／８車輪,15.0,,,,3,2,12532,西郷　　剛
20230321,74,4,1,2,55,石川県,S級2班,,14.8,捲くり,,,2,1,12895,小嶋　敬二
20230321,74,4,2,4,48,愛知県,A級2班,１　　車身,14.8,マーク,,,2,2,13477,宮司　周郎
20230321,74,4,3,1,39,高知県,A級1班,３／４車身,15.3,,S,,1,2,14330,坂田　　章
20230321,74,4,4,7,48,大分県,A級2班,タイヤ差,15.1,,,,3,1,13374,川野　正芳
20230321,74,4,5,5,33,徳島県,S級2班,１／４車輪,15.4,,,B,1,1,15285,久樹　克門
20230321,74,4,6,6,51,高知県,A級2班,１車身１／２,15.4,,,,1,3,12914,武市　和人
20230321,74,4,7,3,54,福岡県,A級2班,１　　車身,15.0,,,,2,3,12242,穴井　利久
20230321,74,5,1,7,49,兵庫県,S級2班,,14.8,差し,,,2,2,13800,中村　一将
20230321,74,5,2,1,48,岐阜県,A級1班,３／４車身,14.8,マーク,S,,2,3,14307,谷田　泰平
20230321,74,5,3,5,37,奈良県,A級1班,１／８車輪,15.0,,,B,2,1,15269,佐山　寛明
20230321,74,5,4,3,32,福岡県,S級2班,微差,14.6,,,,1,1,14955,市橋司優人
20230321,74,5,5,2,41,愛媛県,A級1班,１　　車輪,14.3,,,,1,3,14110,廣川　泰昭
20230321,74,5,6,6,43,愛媛県,A級1班,１　　車輪,14.1,,,,1,4,13968,越智　展孝
20230321,74,5,7,4,,,,大差,16.2,,,,1,2,,西川　親幸
20230321,74,6,1,5,32,奈良県,S級1班,,14.2,捲くり,,,1,1,14945,中井　俊亮
20230321,74,6,2,1,43,兵庫県,S級2班,１車身１／２,14.2,マーク,,,1,2,14031,筒井　裕哉
20230321,74,6,3,4,35,熊本県,A級1班,２　　車身,14.7,,,,2,1,15015,野口　大誠
20230321,74,6,4,7,43,鹿児島県,A級1班,１／２車輪,14.6,,,,2,2,13824,上吹越直樹
20230321,74,6,5,6,27,岡山県,S級2班,３／４車身,15.1,,,B,3,1,15370,城戸　俊潔
20230321,74,6,6,3,50,福岡県,A級1班,３／４車身,14.6,,,,2,3,13070,高木　和仁
20230321,74,6,7,2,46,岡山県,S級2班,１車身１／２,15.1,,,,3,2,13495,友定　祐己
20230321,74,7,1,4,37,岐阜県,S級2班,,14.6,捲くり,,,2,1,14754,横関　裕樹
20230321,74,7,2,3,49,愛知県,A級1班,１／４車輪,14.5,マーク,,,2,2,13330,舘　　泰守
20230321,74,7,3,7,48,徳島県,S級2班,３／４車身,14.9,,,,3,2,13439,青井　賢治
20230321,74,7,4,6,36,滋賀県,S級2班,１／２車身,14.6,,,,1,2,14477,白上　　翔
20230321,74,7,5,2,44,高知県,S級2班,３／４車身,14.9,,,,3,3,14109,吉松　直人
20230321,74,7,6,5,25,徳島県,S級1班,１　　車身,15.4,,,B,3,1,15466,久田　裕也
20230321,74,7,7,1,31,奈良県,A級1班,１　　車身,15.0,,,,1,1,15364,吉堂　将規
20230321,74,8,1,3,27,佐賀県,S級1班,,14.7,差し,,,2,2,15291,山口　敦也
20230321,74,8,2,5,39,長崎県,S級2班,１　　車輪,14.8,捲くり,,B,2,1,14211,佐藤　幸治
20230321,74,8,3,1,45,愛知県,S級1班,１　　車輪,14.4,,S,,3,2,13637,笠松　信幸
20230321,74,8,4,6,32,大阪府,S級2班,１　　車輪,14.5,,,,3,1,15106,大石　崇晴
20230321,74,8,5,7,41,佐賀県,S級2班,１／２車輪,14.8,,,,2,3,14196,小林　弘和
20230321,74,8,6,4,36,徳島県,S級2班,１／４車輪,14.8,,,,1,2,14554,山形　一気
20230321,74,8,7,2,26,愛媛県,S級2班,３　　車身,15.2,,,,1,1,15380,外田　心斗
20230321,74,9,1,5,39,徳島県,S級2班,,14.5,差し,S,,4,2,14327,北村　信明
20230321,74,9,2,3,23,香川県,S級2班,１／２車輪,14.6,逃げ,,B,4,1,15552,上野　雅彦
20230321,74,9,3,6,53,愛媛県,A級1班,１／４車輪,14.4,,,,4,3,12544,上田　　学
20230321,74,9,4,1,40,岡山県,S級2班,３／４車身,14.4,,,,2,1,14613,黒田　　淳
20230321,74,9,5,7,47,兵庫県,S級2班,２　　車身,14.6,,,,1,1,13878,松岡　健介
20230321,74,9,6,2,38,京都府,A級2班,１　　車身,14.4,,,,1,2,14316,山崎　光展
20230321,74,9,7,4,28,三重県,S級2班,６　　車身,14.8,,,,3,1,15180,下岡　将也
20230321,74,10,1,2,40,兵庫県,S級2班,,14.5,差し,,,1,2,14103,村田　雅一
20230321,74,10,2,7,47,岡山県,S級1班,３／４車輪,14.2,差し,,,2,2,13291,三宅　達也
20230321,74,10,3,4,28,大阪府,S級2班,１　　車輪,14.6,,,B,1,1,15272,中釜　章成
20230321,74,10,4,5,41,高知県,S級2班,１／２車身,14.5,,,,2,1,14685,掛水　泰範
20230321,74,10,5,1,43,広島県,S級2班,１／８車輪,14.2,,S,,2,3,13886,大屋　健司
20230321,74,10,6,3,46,福岡県,S級2班,１／２車輪,14.2,,,,3,2,13514,山口　貴嗣
20230321,74,10,7,6,26,熊本県,S級2班,５　　車身,14.7,,,,3,1,15476,緒方　将樹
20230321,74,11,1,3,26,富山県,S級2班,,14.8,逃げ,,B,3,1,15628,村田　祐樹
20230321,74,11,2,5,44,三重県,S級2班,１／２車身,14.8,マーク,,,3,2,13783,上田　裕和
20230321,74,11,3,2,27,宮崎県,S級2班,３／４車身,14.7,,,,1,1,15572,田村　　大
20230321,74,11,4,4,29,広島県,A級1班,１／８車輪,14.6,,,,1,2,15375,村上　竜馬
20230321,74,11,5,7,31,岡山県,S級2班,３／４車身,14.4,,,,1,3,15059,畝木　　努
20230321,74,11,6,6,24,愛媛県,S級2班,１　　車身,14.3,,,,2,1,15646,塩崎　隼秀
20230321,74,11,7,1,40,高知県,A級1班,大差,15.5,,S,,2,2,14192,野本　翔太
20230321,74,12,1,5,41,福岡県,S級2班,,14.7,差し,,,4,2,14041,田中　　誠
20230321,74,12,2,7,49,徳島県,S級1班,１／４車輪,14.1,差し,,,1,2,13140,小倉　竜二
20230321,74,12,3,6,38,愛知県,S級2班,３／４車身,14.6,,,,3,1,14168,高橋　和也
20230321,74,12,4,1,43,徳島県,S級1班,１／２車身,14.3,,,,1,1,14105,阿竹　智史
20230321,74,12,4,2,41,福岡県,S級1班,１／２車身,14.9,,,B,4,1,14045,吉本　卓仁
20230321,74,12,6,3,30,山口県,S級S班,１／２車輪,14.1,,,,2,1,15009,清水　裕友
20230321,74,12,7,4,30,山口県,S級1班,１　　車身,14.0,,,,2,2,15195,久保田泰弘
20230321,81,1,1,5,37,大分県,A級3班,,12.1,逃げ,,B,1,1,14628,荘田　竜斗
20230321,81,1,2,3,,,,１車身１／２,12.0,マーク,,,1,3,,松尾　　誠
20230321,81,1,3,4,,,,５　　車身,12.0,,,,2,2,,大田　啓介
20230321,81,1,4,6,,,,３／４車身,12.0,,,,3,1,,浅見　敏也
20230321,81,1,5,2,44,香川県,A級3班,１　　車輪,12.5,,,,2,1,13738,眞鍋　伸也
20230321,81,1,失,1,54,熊本県,A級3班,,,,S,,1,2,12329,松尾　正人
20230321,81,2,1,1,,,,,12.1,逃げ,S,B,1,1,,北野　佑汰
20230321,81,2,2,7,,,,３／４車身,12.1,マーク,,,1,2,,佐古　雅俊
20230321,81,2,3,3,47,奈良県,A級3班,１　　車身,12.0,,,,2,1,13728,伊狩　知人
20230321,81,2,4,2,,,,３／４車輪,11.9,,,,1,4,,中塚　記生
20230321,81,2,5,4,52,和歌山県,A級3班,タイヤ差,12.1,,,,3,1,12603,大川　栄二
20230321,81,2,6,6,,,,４　　車身,12.3,,,,4,1,,若原　英伸
20230321,81,2,7,5,,,,１／８車輪,12.4,,,,1,3,,森江　信行
20230321,81,3,1,6,55,福岡県,A級3班,,12.3,差し,,,2,3,12319,高尾　剛文
20230321,81,3,2,7,43,大分県,A級2班,３／４車輪,12.4,捲くり,,B,2,2,14269,梶原　恵介
20230321,81,3,3,3,26,岡山県,A級2班,微差,12.2,,S,,1,1,15637,近藤　雄太
20230321,81,3,4,1,36,宮崎県,A級2班,１／２車輪,12.3,,,,2,1,14787,瀬口　　匠
20230321,81,3,5,5,27,愛知県,A級3班,１車身１／２,12.6,,,,3,1,15355,磯村　蓮太
20230321,81,3,6,2,35,奈良県,A級3班,１／２車輪,12.4,,,,3,2,15270,元砂　海人
20230321,81,3,7,4,35,山口県,A級3班,３　　車身,12.5,,,,1,2,14705,沢田　勇治
20230321,81,4,1,7,22,熊本県,A級1班,,12.2,差し,S,,1,1,15662,中山遼太郎
20230321,81,4,2,1,53,佐賀県,A級3班,３／４車身,12.2,マーク,,,1,2,12626,原　　　司
20230321,81,4,3,6,50,福岡県,A級3班,１／２車輪,12.1,,,,1,3,13223,木谷　　凉
20230321,81,4,4,3,38,徳島県,A級2班,１　　車身,12.0,,,,3,2,14328,藤田　洋平
20230321,81,4,5,2,,,,１　　車輪,12.2,,,,2,1,,中畑　利英
20230321,81,4,6,4,29,高知県,A級2班,１車身１／２,12.1,,,,3,3,15287,山中　崇弘
20230321,81,4,7,5,29,岡山県,A級2班,１／２車輪,12.8,,,B,3,1,15372,野上　竜太
20230321,81,5,1,2,24,富山県,L級1班,,12.8,差し,,,1,1,15495,下条　未悠
20230321,81,5,2,6,30,山口県,L級1班,１／８車輪,13.0,逃げ,,B,4,1,15315,渡口まりあ
20230321,81,5,3,1,,,,３／４車身,12.7,,,,3,1,,岩田みゆき
20230321,81,5,4,5,38,千葉県,L級1班,１／４車輪,12.9,,,,2,1,14909,浦部　郁里
20230321,81,5,5,4,37,愛媛県,L級1班,３／４車身,12.9,,,,7,1,14924,松尾　智佳
20230321,81,5,6,3,29,山口県,L級1班,１／２車輪,12.9,,,,5,1,15591,松本ちひろ
20230321,81,5,7,7,23,愛媛県,L級1班,１　　車身,13.0,,,,6,1,15682,渡部　　遥
20230321,81,6,1,5,47,岡山県,A級2班,,12.0,逃げ,,B,3,1,13646,日浅　保幸
20230321,81,6,2,4,50,広島県,A級2班,１　　車輪,11.8,マーク,,,3,2,12910,塩川真一郎
20230321,81,6,3,2,47,広島県,A級2班,１／２車身,11.8,,,,3,3,14411,小谷　文康
20230321,81,6,4,1,25,愛知県,A級1班,３／４車身,12.0,,S,,1,1,15533,岩城　佑典
20230321,81,6,5,3,53,大阪府,A級2班,１／２車輪,11.8,,,,2,1,12529,木本　賢二
20230321,81,6,6,7,45,三重県,A級2班,１　　車輪,11.9,,,,1,2,13723,高谷進太郎
20230321,81,6,7,6,48,和歌山県,A級2班,３／４車身,11.8,,,,2,2,13794,川西　亮介
20230321,81,7,1,5,38,福岡県,A級3班,,11.4,差し,,,2,1,14266,宮本　龍一
20230321,81,7,2,6,29,徳島県,A級3班,１／４車輪,11.5,逃げ,,B,1,1,15284,田村　裕也
20230321,81,7,3,7,43,愛媛県,A級2班,１／２車身,11.3,,,,1,2,13970,三好　陽一
20230321,81,7,4,2,57,福岡県,A級3班,２　　車身,11.5,,,,2,2,11741,澤亀　浩司
20230321,81,7,5,1,56,高知県,A級2班,１／２車輪,11.4,,,,1,3,12042,山原　利秀
20230321,81,7,6,3,52,沖縄県,A級3班,１車身１／２,11.3,,,,3,2,12832,仙石　　淳
20230321,81,7,7,4,40,長崎県,A級2班,１　　車身,11.5,,,,3,1,14342,南部　亮太
20230321,81,8,1,1,38,京都府,A級1班,,11.6,差し,,,1,2,14313,小谷　　実
20230321,81,8,2,3,36,沖縄県,A級1班,３／４車輪,11.5,マーク,,,4,1,14566,安谷屋将志
20230321,81,8,3,7,36,京都府,A級1班,１／４車輪,11.8,,S,B,1,1,14604,菱田　浩二
20230321,81,8,4,6,,,,３／４車身,11.5,,,,4,2,,仲山　　桂
20230321,81,8,5,2,42,長崎県,A級2班,１　　車輪,11.5,,,,2,1,14048,川島　　勝
20230321,81,8,6,4,38,佐賀県,A級2班,２　　車身,11.6,,,,3,2,14133,高橋　紀史
20230321,81,8,7,5,35,福岡県,A級1班,大差,12.9,,,,3,1,14601,小竹　洋平
20230321,81,9,1,5,51,長崎県,A級1班,,11.9,差し,,,1,2,13298,井手　　健
20230321,81,9,2,7,45,岡山県,A級1班,１　　車輪,11.8,マーク,,,2,1,13884,守谷　陽介
20230321,81,9,3,3,51,滋賀県,A級1班,１／４車輪,11.6,,,,3,2,12759,金山　栄治
20230321,81,9,4,2,26,熊本県,A級1班,タイヤ差,12.1,,,B,1,1,15387,緒方慎太朗
20230321,81,9,5,1,47,香川県,A級1班,１／２車身,11.8,,,,2,2,13357,近藤　誠二
20230321,81,9,6,6,50,福岡県,A級2班,１　　車輪,11.8,,S,,1,3,12992,吉良　勝信
20230321,81,9,7,4,43,大阪府,A級2班,大差,12.9,,,,3,1,14820,中井　勇介
20230321,81,10,1,1,24,徳島県,S級2班,,11.6,差し,S,,2,1,15645,室井蓮太朗
20230321,81,10,2,2,31,福岡県,A級2班,１／２車身,11.8,差し,,,1,2,15559,神開　一輝
20230321,81,10,3,7,26,佐賀県,S級2班,３／４車身,12.0,,,B,1,1,15653,坂田　康季
20230321,81,10,4,5,35,広島県,A級3班,１　　車輪,11.6,,,,2,2,14772,細田　純平
20230321,81,10,5,4,54,岡山県,A級3班,１／２車身,11.6,,,,2,3,12379,小林　　健
20230321,81,10,6,3,27,岐阜県,A級2班,３／４車身,11.8,,,,3,1,15623,野崎　　翼
20230321,81,10,7,6,48,大阪府,A級2班,２　　車身,11.8,,,,3,2,13285,吉川　　悟
20230321,81,11,1,1,39,福岡県,L級1班,,12.4,差し,,,2,1,15153,林　真奈美
20230321,81,11,2,2,28,三重県,L級1班,微差,12.6,捲くり,,B,4,1,15224,太田　美穂
20230321,81,11,3,5,25,熊本県,L級1班,１　　車身,12.4,,,,5,1,15411,南　　円佳
20230321,81,11,4,6,25,愛知県,L級1班,１／２車輪,12.5,,S,,6,1,15492,永禮　美瑠
20230321,81,11,5,4,23,石川県,L級1班,１／２車身,12.5,,,,7,1,15679,又多　風緑
20230321,81,11,6,3,,,,３／４車身,12.6,,,,3,1,,廣木　まこ
20230321,81,11,7,7,39,岐阜県,L級1班,４　　車身,13.0,,,,1,1,14970,小坂　知子
20230321,81,12,1,7,26,熊本県,S級1班,,11.4,捲くり,,,3,1,15661,東矢　圭吾
20230321,81,12,2,5,47,愛知県,A級1班,３　　車身,11.6,差し,,,1,3,13570,加藤　寛治
20230321,81,12,3,2,37,岐阜県,S級2班,１／４車輪,11.7,,,,1,2,14246,森川　大輔
20230321,81,12,4,6,44,福岡県,A級2班,１／２車身,11.6,,,,3,2,13892,梶山裕次郎
20230321,81,12,5,4,41,岡山県,A級1班,１車身１／２,11.5,,,,2,2,14258,片山　智晴
20230321,81,12,6,1,30,岡山県,S級2班,１　　車身,12.0,,,,2,1,15276,佐伯　亮輔
20230321,81,12,7,3,32,三重県,A級2班,大差,13.3,,,B,1,1,15053,廣田　敦士
20230321,86,1,1,2,30,熊本県,S級1班,,11.7,差し,,,2,2,15132,瓜生　崇智
20230321,86,1,2,7,25,熊本県,S級1班,１／４車輪,12.1,捲くり,,B,2,1,15480,松本秀之介
20230321,86,1,3,3,24,長野県,S級1班,１　　車輪,11.7,,,,3,1,15412,菊池　岳仁
20230321,86,1,4,9,37,三重県,S級2班,１車身１／２,12.0,,,,1,2,14472,坂口　晃輔
20230321,86,1,5,8,34,青森県,S級2班,１　　車身,11.8,,,,4,1,14641,箱田　優樹
20230321,86,1,6,5,31,東京都,S級1班,１／２車身,11.9,,S,,3,2,15037,鈴木　竜士
20230321,86,1,7,4,31,愛媛県,S級2班,１車身１／２,11.7,,,,5,2,15201,門田　　凌
20230321,86,1,8,1,31,岐阜県,S級1班,１／２車輪,12.4,,,,1,1,14977,川口　聖二
20230321,86,1,9,6,29,岡山県,A級1班,大差,,,,,5,1,15192,藤原俊太郎
20230321,86,2,1,3,34,神奈川県,S級1班,,11.6,差し,,,1,2,14744,和田真久留
20230321,86,2,2,5,29,徳島県,S級2班,１／４車輪,11.4,マーク,,,3,1,15121,太田　竜馬
20230321,86,2,3,9,32,神奈川県,S級1班,１／２車身,11.8,,,B,1,1,15261,松井　宏佑
20230321,86,2,4,1,39,広島県,S級1班,３／４車身,11.4,,,,3,2,14184,池田　　良
20230321,86,2,5,8,41,大阪府,S級1班,１／２車身,11.4,,,,4,1,14253,伊藤　　信
20230321,86,2,6,4,30,栃木県,S級1班,１／２車輪,11.1,,,,5,1,15289,橋本　瑠偉
20230321,86,2,7,7,44,千葉県,S級2班,３／４車身,11.5,,,,1,3,13766,武井　大介
20230321,86,2,8,6,38,福島県,S級2班,１／４車輪,11.1,,,,5,2,14576,中田　雄喜
20230321,86,2,9,2,47,京都府,S級1班,１／４車輪,11.4,,,,2,1,13790,稲垣　裕之
20230321,86,3,1,7,31,和歌山県,S級1班,,11.9,捲くり,,B,4,2,15006,石塚輪太郎
20230321,86,3,2,2,48,宮城県,S級1班,１／２車身,11.9,マーク,,,3,2,13619,竹内　智彦
20230321,86,3,3,3,35,和歌山県,S級2班,１／２車身,11.8,,,,4,3,14606,稲毛　健太
20230321,86,3,4,1,25,熊本県,S級1班,１／２車身,11.9,,,,2,1,15475,伊藤　　旭
20230321,86,3,5,5,37,徳島県,S級1班,３／４車身,11.7,,,,1,2,14553,久米　　良
20230321,86,3,6,9,45,長崎県,S級1班,１／２車輪,11.8,,,,2,2,13815,井上　昌己
20230321,86,3,7,4,36,青森県,S級1班,３　　車身,12.5,,,,3,1,14348,坂本　貴史
20230321,86,3,8,6,25,香川県,S級1班,３　　車身,12.4,,,,1,1,15465,石原　　颯
20230321,86,3,9,8,26,大阪府,S級1班,大差,13.9,,S,,4,1,15274,福永　大智
20230321,86,4,1,2,35,茨城県,S級1班,,11.5,捲くり,,,3,1,15038,山岸　佳太
20230321,86,4,2,3,45,宮城県,S級1班,１／２車身,11.9,差し,S,,1,2,13673,大槻　寛徳
20230321,86,4,3,9,47,新潟県,S級1班,１／２車輪,11.2,,,,2,1,13249,諸橋　　愛
20230321,86,4,4,5,30,静岡県,S級2班,１／２車輪,11.5,,,,5,1,14995,渡邉　雄太
20230321,86,4,5,7,30,福島県,S級1班,１／８車輪,12.0,,,B,1,1,15333,高橋　晋也
20230321,86,4,6,8,34,青森県,S級1班,１／２車輪,11.6,,,,1,3,14640,新山　将史
20230321,86,4,7,4,48,徳島県,S級1班,１／２車輪,11.7,,,,4,2,13804,湊　　聖二
20230321,86,4,8,6,41,千葉県,S級2班,１　　車輪,11.4,,,,5,2,14080,近藤　隆司
20230321,86,4,9,1,34,徳島県,S級1班,大差,14.2,,,,4,1,14682,原田研太朗
20230321,86,5,1,2,36,神奈川県,S級1班,,11.1,差し,,,1,2,14462,小原　太樹
20230321,86,5,2,9,30,神奈川県,S級1班,１／４車輪,11.3,捲くり,,B,1,1,15436,青野　将大
20230321,86,5,3,5,39,宮城県,S級1班,１車身１／２,11.1,,,,2,1,14129,菅田　壱道
20230321,86,5,4,6,29,静岡県,S級1班,１　　車身,11.3,,,,1,3,15051,簗田　一輝
20230321,86,5,5,1,39,青森県,S級1班,１車身１／２,11.2,,S,,2,2,14127,永澤　　剛
20230321,86,5,6,3,31,三重県,S級1班,１　　車身,11.6,,,,4,1,14940,谷口　遼平
20230321,86,5,7,8,42,岐阜県,S級2班,３／４車輪,11.5,,,,4,2,14599,松岡　篤哉
20230321,86,5,8,4,42,石川県,S級2班,３／４車身,11.5,,,,4,3,14177,小堺　浩二
20230321,86,5,9,7,46,愛媛県,S級1班,１　　車輪,11.4,,,,3,1,13442,濱田　浩司
20230321,86,6,1,9,35,神奈川県,S級1班,,11.3,捲くり,,,3,1,15527,北井　佑季
20230321,86,6,2,2,29,徳島県,S級S班,５　　車身,12.0,捲くり,,B,1,1,15553,犬伏　湧也
20230321,86,6,3,3,42,福島県,S級1班,１／４車輪,11.8,,,,4,1,14718,小松崎大地
20230321,86,6,4,6,33,徳島県,S級2班,３／４車輪,12.0,,,,1,2,14846,久米　康平
20230321,86,6,5,7,45,福島県,S級1班,３／４車身,11.8,,,,4,2,13920,山崎　芳仁
20230321,86,6,6,8,44,徳島県,S級2班,３／４車輪,12.0,,,,1,3,13741,高原　仁志
20230321,86,6,7,4,42,神奈川県,S級1班,１車身１／２,11.7,,S,,3,2,14020,松坂　洋平
20230321,86,6,8,1,51,茨城県,S級1班,１　　車輪,12.1,,,,2,2,13923,武田　豊樹
20230321,86,6,9,5,30,栃木県,S級1班,１／２車輪,12.4,,,,2,1,15341,坂井　　洋
20230321,86,7,1,9,48,福島県,S級1班,,11.4,差し,,,1,2,13162,佐藤慎太郎
20230321,86,7,2,1,35,静岡県,S級1班,３／４車輪,11.5,逃げ,,B,1,1,14534,深谷　知広
20230321,86,7,3,3,30,岡山県,S級1班,１車身１／２,11.4,,,,3,1,15061,取鳥　雄吾
20230321,86,7,4,5,46,岡山県,S級1班,１／２車輪,11.2,,,,3,2,13963,柏野　智典
20230321,86,7,5,2,46,京都府,S級1班,１　　車身,11.2,,,,2,2,13791,村上　博幸
20230321,86,7,6,8,25,岐阜県,S級2班,１　　車身,11.4,,,,2,1,15449,橋本　優己
20230321,86,7,7,7,41,福島県,S級1班,１／２車輪,11.3,,,,1,3,14002,渡部　幸訓
20230321,86,7,8,6,30,群馬県,S級1班,１／４車輪,11.2,,,,4,1,15243,小林　泰正
20230321,86,7,9,4,35,栃木県,S級1班,１　　車輪,11.1,,,,4,2,14507,長島　大介
20230321,86,8,1,1,42,埼玉県,S級S班,,11.3,捲くり,,,1,2,13841,平原　康多
20230321,86,8,2,8,41,福島県,S級1班,３／４車輪,11.1,捲くり,,,2,1,13921,渡邉　一成
20230321,86,8,3,3,43,岡山県,S級1班,４　　車身,11.7,,,,3,2,13880,岩津　裕介
20230321,86,8,4,9,40,千葉県,S級2班,１　　車身,11.8,,,,5,2,14239,鈴木　　裕
20230321,86,8,5,2,39,奈良県,S級1班,微差,11.5,,,,4,1,14252,三谷　将太
20230321,86,8,6,7,26,埼玉県,S級1班,３／４車身,11.7,,,,1,1,15248,森田　優弥
20230321,86,8,7,6,35,神奈川県,S級2班,１車身１／２,12.0,,S,,5,3,14523,東　龍之介
20230321,86,8,8,5,24,広島県,S級1班,８　　車身,12.9,,,B,3,1,15464,町田　太我
20230321,86,8,9,4,42,千葉県,S級1班,大差,,,,,5,1,15169,野口　裕史
20230321,86,9,1,1,26,神奈川県,L級1班,,12.1,逃げ,,B,3,1,15306,佐藤　水菜
20230321,86,9,2,5,31,福岡県,L級1班,３／４車身,12.0,マーク,,,2,1,15032,小林　優香
20230321,86,9,3,2,30,福岡県,L級1班,１　　車身,12.2,,,,5,1,15080,児玉　碧衣
20230321,86,9,4,6,30,静岡県,L級1班,３／４車輪,12.0,,,,4,1,15220,鈴木　美教
20230321,86,9,5,3,30,埼玉県,L級1班,１／２車身,12.2,,,,1,1,15218,太田　りゆ
20230321,86,9,6,4,27,福井県,L級1班,１／２車身,12.1,,,,7,1,15311,柳原　真緒
20230321,86,9,7,7,26,福岡県,L級1班,２　　車身,12.4,,S,,6,1,15501,尾方　真生
20230321,86,10,1,5,23,茨城県,S級1班,,11.8,捲くり,,,1,1,15518,吉田　有希
20230321,86,10,2,9,39,宮城県,S級1班,１　　車身,11.5,差し,,,4,2,14210,和田　　圭
20230321,86,10,3,3,38,栃木県,S級1班,１／４車輪,11.7,,,,1,2,14140,神山　拓弥
20230321,86,10,4,6,40,福島県,S級1班,１　　車輪,11.7,,,,4,1,14052,飯野　祐太
20230321,86,10,5,4,39,和歌山県,S級2班,１　　車輪,12.0,,,,2,3,14318,椎木尾拓哉
20230321,86,10,6,2,38,熊本県,S級1班,１／２車身,12.0,,,,3,2,14635,中本　匠栄
20230321,86,10,7,1,29,岐阜県,S級1班,３　　車身,,,S,B,2,1,15451,山口　拳矢
20230321,86,10,8,8,26,沖縄県,S級1班,９　　車身,13.3,,,,3,1,15390,伊藤　颯馬
20230321,86,10,失,7,40,三重県,S級1班,,,,,,2,2,14089,浅井　康太
20230321,86,11,1,6,33,茨城県,S級1班,,11.3,差し,,,4,2,14804,横山　尚則
20230321,86,11,2,9,43,千葉県,S級1班,１／４車輪,11.0,差し,,,2,2,13851,和田健太郎
20230321,86,11,3,1,34,神奈川県,S級S班,３／４車身,11.3,,,,2,1,14741,郡司　浩平
20230321,86,11,4,5,29,群馬県,S級1班,１／２車輪,11.5,,S,B,4,1,15343,佐々木悠葵
20230321,86,11,5,3,40,大阪府,S級1班,３　　車身,11.6,,,,3,2,14097,稲川　　翔
20230321,86,11,6,2,40,福岡県,S級1班,１車身１／２,11.2,,,,1,2,14112,小川　勇介
20230321,86,11,7,7,37,奈良県,S級1班,１／２車輪,11.8,,,,3,1,14873,三谷　竜生
20230321,86,11,8,4,28,熊本県,S級1班,１　　車身,11.5,,,,1,1,15479,松岡　辰泰
20230321,86,11,9,8,52,岐阜県,S級1班,９　　車身,12.1,,,,3,3,12596,志智　俊夫
20230321,86,12,1,2,34,広島県,S級1班,,11.6,差し,,,3,1,14681,松浦　悠士
20230321,86,12,2,1,36,福井県,S級S班,１／２車身,11.8,差し,,,2,2,14396,脇本　雄太
20230321,86,12,3,7,39,秋田県,S級1班,３／４車身,11.8,,,,1,3,14501,守澤　太志
20230321,86,12,4,4,37,佐賀県,S級1班,１／２車身,11.8,,S,,4,2,14417,山田　庸平
20230321,86,12,5,3,31,青森県,S級S班,３／４車身,12.1,,,B,1,1,15034,新山　響平
20230321,86,12,6,6,42,神奈川県,S級1班,３／４車身,11.9,,,,3,2,13945,福田　知也
20230321,86,12,7,8,27,熊本県,S級1班,３　　車身,12.0,,,,4,1,15298,嘉永　泰斗
20230321,86,12,8,9,39,福島県,S級1班,大差,,,,,1,2,14054,新田　祐大
20230321,86,12,失,5,34,大阪府,S級S班,,,,,,2,1,14838,古性　優作
